вариант - 03
 полна€ матрица сравнени€ у€звимостей (в отсутствующих у€звимост€х нули во всей строке / столбце)
       111  112  113  114  121  122  131  132  133  141  142  143  151  152  153  154  211  212  221  222  223  231  232  233  234  235  241  242  243  251  252  311  312  313  321  322  323  331  332  341  342  351  352  353  354  355  361  362  363  364  365  366  411  412  413  414  415  421  422  423  431  432  433  434  435  436  437  441  442  443  444  445  451  452  453  511  512  513  521  522  523  524
  111    0    0    0    0    0    0    0    0    0    0    0    0    0    0    0    0    1    1    0    1    0    1    0    0    0    1    0    0    0    0    1    0    4    4    0    4    4    4    0    0    0    0    0    0    0    4    0    0    0    4    4    0   -1    0    0    0    0   -1    0    0    0    0   -1    0   -1   -1   -1    0   -1    0   -1   -1    0   -1   -1    0    0    0    0    0    0    0
  112    0    0    0    0    0    0    0    0    0    0    0    0    0    0    0    0    0    0    0    0    0    0    0    0    0    0    0    0    0    0    0    0    0    0    0    0    0    0    0    0    0    0    0    0    0    0    0    0    0    0    0    0    0    0    0    0    0    0    0    0    0    0    0    0    0    0    0    0    0    0    0    0    0    0    0    0    0    0    0    0    0    0
  113    0    0    0    0    0    0    0    0    0    0    0    0    0    0    0    0    0    0    0    0    0    0    0    0    0    0    0    0    0    0    0    0    0    0    0    0    0    0    0    0    0    0    0    0    0    0    0    0    0    0    0    0    0    0    0    0    0    0    0    0    0    0    0    0    0    0    0    0    0    0    0    0    0    0    0    0    0    0    0    0    0    0
  114    0    0    0    0    0    0    0    0    0    0    0    0    0    0    0    0    1    1    0    1    0    1    0    0    0    1    0    0    0    0    1    0    4    4    0    4    4    4    0    0    0    0    0    0    0    4    0    0    0    4    4    0   -1    0    0    0    0   -1    0    0    0    0   -1    0   -1   -1   -1    0   -1    0   -1   -1    0   -1   -1    0    0    0    0    0    0    0
  121    0    0    0    0    0    0    0    0    0    0    0    0    0    0    0    0    1    1    0    1    0    1    0    0    0    1    0    0    0    0    1    0    4    4    0    4    4    4    0    0    0    0    0    0    0    4    0    0    0    4    4    0   -1    0    0    0    0   -1    0    0    0    0   -1    0   -1   -1   -1    0   -1    0   -1   -1    0   -1   -1    0    0    0    0    0    0    0
  122    0    0    0    0    0    0    0    0    0    0    0    0    0    0    0    0    1    1    0    1    0    1    0    0    0    1    0    0    0    0    1    0    4    4    0    4    4    4    0    0    0    0    0    0    0    4    0    0    0    4    4    0   -1    0    0    0    0   -1    0    0    0    0   -1    0   -1   -1   -1    0   -1    0   -1   -1    0   -1   -1    0    0    0    0    0    0    0
  131    0    0    0    0    0    0    0    0    0    0    0    0    0    0    0    0    1    1    0    1    0    1    0    0    0    1    0    0    0    0    1    0    4    4    0    4    4    4    0    0    0    0    0    0    0    4    0    0    0    4    4    0   -1    0    0    0    0   -1    0    0    0    0   -1    0   -1   -1   -1    0   -1    0   -1   -1    0   -1   -1    0    0    0    0    0    0    0
  132    0    0    0    0    0    0    0    0    0    0    0    0    0    0    0    0    0    0    0    0    0    0    0    0    0    0    0    0    0    0    0    0    0    0    0    0    0    0    0    0    0    0    0    0    0    0    0    0    0    0    0    0    0    0    0    0    0    0    0    0    0    0    0    0    0    0    0    0    0    0    0    0    0    0    0    0    0    0    0    0    0    0
  133    0    0    0    0    0    0    0    0    0    0    0    0    0    0    0    0    0    0    0    0    0    0    0    0    0    0    0    0    0    0    0    0    0    0    0    0    0    0    0    0    0    0    0    0    0    0    0    0    0    0    0    0    0    0    0    0    0    0    0    0    0    0    0    0    0    0    0    0    0    0    0    0    0    0    0    0    0    0    0    0    0    0
  141    0    0    0    0    0    0    0    0    0    0    0    0    0    0    0    0    0    0    0    0    0    0    0    0    0    0    0    0    0    0    0    0    0    0    0    0    0    0    0    0    0    0    0    0    0    0    0    0    0    0    0    0    0    0    0    0    0    0    0    0    0    0    0    0    0    0    0    0    0    0    0    0    0    0    0    0    0    0    0    0    0    0
  142    0    0    0    0    0    0    0    0    0    0    0    0    0    0    0    0    0    0    0    0    0    0    0    0    0    0    0    0    0    0    0    0    0    0    0    0    0    0    0    0    0    0    0    0    0    0    0    0    0    0    0    0    0    0    0    0    0    0    0    0    0    0    0    0    0    0    0    0    0    0    0    0    0    0    0    0    0    0    0    0    0    0
  143    0    0    0    0    0    0    0    0    0    0    0    0    0    0    0    0    0    0    0    0    0    0    0    0    0    0    0    0    0    0    0    0    0    0    0    0    0    0    0    0    0    0    0    0    0    0    0    0    0    0    0    0    0    0    0    0    0    0    0    0    0    0    0    0    0    0    0    0    0    0    0    0    0    0    0    0    0    0    0    0    0    0
  151    0    0    0    0    0    0    0    0    0    0    0    0    0    0    0    0    0    0    0    0    0    0    0    0    0    0    0    0    0    0    0    0    0    0    0    0    0    0    0    0    0    0    0    0    0    0    0    0    0    0    0    0    0    0    0    0    0    0    0    0    0    0    0    0    0    0    0    0    0    0    0    0    0    0    0    0    0    0    0    0    0    0
  152    0    0    0    0    0    0    0    0    0    0    0    0    0    0    0    0    0    0    0    0    0    0    0    0    0    0    0    0    0    0    0    0    0    0    0    0    0    0    0    0    0    0    0    0    0    0    0    0    0    0    0    0    0    0    0    0    0    0    0    0    0    0    0    0    0    0    0    0    0    0    0    0    0    0    0    0    0    0    0    0    0    0
  153    0    0    0    0    0    0    0    0    0    0    0    0    0    0    0    0    1    1    0    1    0    1    0    0    0    1    0    0    0    0    1    0    4    4    0    4    4    4    0    0    0    0    0    0    0    4    0    0    0    4    4    0   -1    0    0    0    0   -1    0    0    0    0   -1    0   -1   -1   -1    0   -1    0   -1   -1    0   -1   -1    0    0    0    0    0    0    0
  154    0    0    0    0    0    0    0    0    0    0    0    0    0    0    0    0    1    1    0    1    0    1    0    0    0    1    0    0    0    0    1    0    4    4    0    4    4    4    0    0    0    0    0    0    0    4    0    0    0    4    4    0   -1    0    0    0    0   -1    0    0    0    0   -1    0   -1   -1   -1    0   -1    0   -1   -1    0   -1   -1    0    0    0    0    0    0    0
  211   -1    0    0   -1   -1   -1   -1    0    0    0    0    0    0    0   -1   -1    0    0    0    0    0    0    0    0    0    0    0    0    0    0    0    0   -4   -4    0   -4   -4   -4    0    0    0    0    0    0    0   -4    0    0    0   -4   -4    0    1    0    0    0    0    1    0    0    0    0    1    0    1    1    1    0    1    0    1    1    0    1    1    0   -6    0    0   -6   -6    0
  212   -1    0    0   -1   -1   -1   -1    0    0    0    0    0    0    0   -1   -1    0    0    0    0    0    0    0    0    0    0    0    0    0    0    0    0   -4   -4    0   -4   -4   -4    0    0    0    0    0    0    0   -4    0    0    0   -4   -4    0    1    0    0    0    0    1    0    0    0    0    1    0    1    1    1    0    1    0    1    1    0    1    1    0   -6    0    0   -6   -6    0
  221    0    0    0    0    0    0    0    0    0    0    0    0    0    0    0    0    0    0    0    0    0    0    0    0    0    0    0    0    0    0    0    0    0    0    0    0    0    0    0    0    0    0    0    0    0    0    0    0    0    0    0    0    0    0    0    0    0    0    0    0    0    0    0    0    0    0    0    0    0    0    0    0    0    0    0    0    0    0    0    0    0    0
  222   -1    0    0   -1   -1   -1   -1    0    0    0    0    0    0    0   -1   -1    0    0    0    0    0    0    0    0    0    0    0    0    0    0    0    0   -4   -4    0   -4   -4   -4    0    0    0    0    0    0    0   -4    0    0    0   -4   -4    0    1    0    0    0    0    1    0    0    0    0    1    0    1    1    1    0    1    0    1    1    0    1    1    0   -6    0    0   -6   -6    0
  223    0    0    0    0    0    0    0    0    0    0    0    0    0    0    0    0    0    0    0    0    0    0    0    0    0    0    0    0    0    0    0    0    0    0    0    0    0    0    0    0    0    0    0    0    0    0    0    0    0    0    0    0    0    0    0    0    0    0    0    0    0    0    0    0    0    0    0    0    0    0    0    0    0    0    0    0    0    0    0    0    0    0
  231   -1    0    0   -1   -1   -1   -1    0    0    0    0    0    0    0   -1   -1    0    0    0    0    0    0    0    0    0    0    0    0    0    0    0    0   -4   -4    0   -4   -4   -4    0    0    0    0    0    0    0   -4    0    0    0   -4   -4    0    1    0    0    0    0    1    0    0    0    0    1    0    1    1    1    0    1    0    1    1    0    1    1    0   -6    0    0   -6   -6    0
  232    0    0    0    0    0    0    0    0    0    0    0    0    0    0    0    0    0    0    0    0    0    0    0    0    0    0    0    0    0    0    0    0    0    0    0    0    0    0    0    0    0    0    0    0    0    0    0    0    0    0    0    0    0    0    0    0    0    0    0    0    0    0    0    0    0    0    0    0    0    0    0    0    0    0    0    0    0    0    0    0    0    0
  233    0    0    0    0    0    0    0    0    0    0    0    0    0    0    0    0    0    0    0    0    0    0    0    0    0    0    0    0    0    0    0    0    0    0    0    0    0    0    0    0    0    0    0    0    0    0    0    0    0    0    0    0    0    0    0    0    0    0    0    0    0    0    0    0    0    0    0    0    0    0    0    0    0    0    0    0    0    0    0    0    0    0
  234    0    0    0    0    0    0    0    0    0    0    0    0    0    0    0    0    0    0    0    0    0    0    0    0    0    0    0    0    0    0    0    0    0    0    0    0    0    0    0    0    0    0    0    0    0    0    0    0    0    0    0    0    0    0    0    0    0    0    0    0    0    0    0    0    0    0    0    0    0    0    0    0    0    0    0    0    0    0    0    0    0    0
  235   -1    0    0   -1   -1   -1   -1    0    0    0    0    0    0    0   -1   -1    0    0    0    0    0    0    0    0    0    0    0    0    0    0    0    0   -4   -4    0   -4   -4   -4    0    0    0    0    0    0    0   -4    0    0    0   -4   -4    0    1    0    0    0    0    1    0    0    0    0    1    0    1    1    1    0    1    0    1    1    0    1    1    0   -6    0    0   -6   -6    0
  241    0    0    0    0    0    0    0    0    0    0    0    0    0    0    0    0    0    0    0    0    0    0    0    0    0    0    0    0    0    0    0    0    0    0    0    0    0    0    0    0    0    0    0    0    0    0    0    0    0    0    0    0    0    0    0    0    0    0    0    0    0    0    0    0    0    0    0    0    0    0    0    0    0    0    0    0    0    0    0    0    0    0
  242    0    0    0    0    0    0    0    0    0    0    0    0    0    0    0    0    0    0    0    0    0    0    0    0    0    0    0    0    0    0    0    0    0    0    0    0    0    0    0    0    0    0    0    0    0    0    0    0    0    0    0    0    0    0    0    0    0    0    0    0    0    0    0    0    0    0    0    0    0    0    0    0    0    0    0    0    0    0    0    0    0    0
  243    0    0    0    0    0    0    0    0    0    0    0    0    0    0    0    0    0    0    0    0    0    0    0    0    0    0    0    0    0    0    0    0    0    0    0    0    0    0    0    0    0    0    0    0    0    0    0    0    0    0    0    0    0    0    0    0    0    0    0    0    0    0    0    0    0    0    0    0    0    0    0    0    0    0    0    0    0    0    0    0    0    0
  251    0    0    0    0    0    0    0    0    0    0    0    0    0    0    0    0    0    0    0    0    0    0    0    0    0    0    0    0    0    0    0    0    0    0    0    0    0    0    0    0    0    0    0    0    0    0    0    0    0    0    0    0    0    0    0    0    0    0    0    0    0    0    0    0    0    0    0    0    0    0    0    0    0    0    0    0    0    0    0    0    0    0
  252   -1    0    0   -1   -1   -1   -1    0    0    0    0    0    0    0   -1   -1    0    0    0    0    0    0    0    0    0    0    0    0    0    0    0    0   -4   -4    0   -4   -4   -4    0    0    0    0    0    0    0   -4    0    0    0   -4   -4    0    1    0    0    0    0    1    0    0    0    0    1    0    1    1    1    0    1    0    1    1    0    1    1    0   -6    0    0   -6   -6    0
  311    0    0    0    0    0    0    0    0    0    0    0    0    0    0    0    0    0    0    0    0    0    0    0    0    0    0    0    0    0    0    0    0    0    0    0    0    0    0    0    0    0    0    0    0    0    0    0    0    0    0    0    0    0    0    0    0    0    0    0    0    0    0    0    0    0    0    0    0    0    0    0    0    0    0    0    0    0    0    0    0    0    0
  312   -4    0    0   -4   -4   -4   -4    0    0    0    0    0    0    0   -4   -4    4    4    0    4    0    4    0    0    0    4    0    0    0    0    4    0    0    0    0    0    0    0    0    0    0    0    0    0    0    0    0    0    0    0    0    0    6    0    0    0    0    6    0    0    0    0    6    0    6    6    6    0    6    0    6    6    0    6    6    0   -6    0    0   -6   -6    0
  313   -4    0    0   -4   -4   -4   -4    0    0    0    0    0    0    0   -4   -4    4    4    0    4    0    4    0    0    0    4    0    0    0    0    4    0    0    0    0    0    0    0    0    0    0    0    0    0    0    0    0    0    0    0    0    0    6    0    0    0    0    6    0    0    0    0    6    0    6    6    6    0    6    0    6    6    0    6    6    0   -6    0    0   -6   -6    0
  321    0    0    0    0    0    0    0    0    0    0    0    0    0    0    0    0    0    0    0    0    0    0    0    0    0    0    0    0    0    0    0    0    0    0    0    0    0    0    0    0    0    0    0    0    0    0    0    0    0    0    0    0    0    0    0    0    0    0    0    0    0    0    0    0    0    0    0    0    0    0    0    0    0    0    0    0    0    0    0    0    0    0
  322   -4    0    0   -4   -4   -4   -4    0    0    0    0    0    0    0   -4   -4    4    4    0    4    0    4    0    0    0    4    0    0    0    0    4    0    0    0    0    0    0    0    0    0    0    0    0    0    0    0    0    0    0    0    0    0    6    0    0    0    0    6    0    0    0    0    6    0    6    6    6    0    6    0    6    6    0    6    6    0   -6    0    0   -6   -6    0
  323   -4    0    0   -4   -4   -4   -4    0    0    0    0    0    0    0   -4   -4    4    4    0    4    0    4    0    0    0    4    0    0    0    0    4    0    0    0    0    0    0    0    0    0    0    0    0    0    0    0    0    0    0    0    0    0    6    0    0    0    0    6    0    0    0    0    6    0    6    6    6    0    6    0    6    6    0    6    6    0   -6    0    0   -6   -6    0
  331   -4    0    0   -4   -4   -4   -4    0    0    0    0    0    0    0   -4   -4    4    4    0    4    0    4    0    0    0    4    0    0    0    0    4    0    0    0    0    0    0    0    0    0    0    0    0    0    0    0    0    0    0    0    0    0    6    0    0    0    0    6    0    0    0    0    6    0    6    6    6    0    6    0    6    6    0    6    6    0   -6    0    0   -6   -6    0
  332    0    0    0    0    0    0    0    0    0    0    0    0    0    0    0    0    0    0    0    0    0    0    0    0    0    0    0    0    0    0    0    0    0    0    0    0    0    0    0    0    0    0    0    0    0    0    0    0    0    0    0    0    0    0    0    0    0    0    0    0    0    0    0    0    0    0    0    0    0    0    0    0    0    0    0    0    0    0    0    0    0    0
  341    0    0    0    0    0    0    0    0    0    0    0    0    0    0    0    0    0    0    0    0    0    0    0    0    0    0    0    0    0    0    0    0    0    0    0    0    0    0    0    0    0    0    0    0    0    0    0    0    0    0    0    0    0    0    0    0    0    0    0    0    0    0    0    0    0    0    0    0    0    0    0    0    0    0    0    0    0    0    0    0    0    0
  342    0    0    0    0    0    0    0    0    0    0    0    0    0    0    0    0    0    0    0    0    0    0    0    0    0    0    0    0    0    0    0    0    0    0    0    0    0    0    0    0    0    0    0    0    0    0    0    0    0    0    0    0    0    0    0    0    0    0    0    0    0    0    0    0    0    0    0    0    0    0    0    0    0    0    0    0    0    0    0    0    0    0
  351    0    0    0    0    0    0    0    0    0    0    0    0    0    0    0    0    0    0    0    0    0    0    0    0    0    0    0    0    0    0    0    0    0    0    0    0    0    0    0    0    0    0    0    0    0    0    0    0    0    0    0    0    0    0    0    0    0    0    0    0    0    0    0    0    0    0    0    0    0    0    0    0    0    0    0    0    0    0    0    0    0    0
  352    0    0    0    0    0    0    0    0    0    0    0    0    0    0    0    0    0    0    0    0    0    0    0    0    0    0    0    0    0    0    0    0    0    0    0    0    0    0    0    0    0    0    0    0    0    0    0    0    0    0    0    0    0    0    0    0    0    0    0    0    0    0    0    0    0    0    0    0    0    0    0    0    0    0    0    0    0    0    0    0    0    0
  353    0    0    0    0    0    0    0    0    0    0    0    0    0    0    0    0    0    0    0    0    0    0    0    0    0    0    0    0    0    0    0    0    0    0    0    0    0    0    0    0    0    0    0    0    0    0    0    0    0    0    0    0    0    0    0    0    0    0    0    0    0    0    0    0    0    0    0    0    0    0    0    0    0    0    0    0    0    0    0    0    0    0
  354    0    0    0    0    0    0    0    0    0    0    0    0    0    0    0    0    0    0    0    0    0    0    0    0    0    0    0    0    0    0    0    0    0    0    0    0    0    0    0    0    0    0    0    0    0    0    0    0    0    0    0    0    0    0    0    0    0    0    0    0    0    0    0    0    0    0    0    0    0    0    0    0    0    0    0    0    0    0    0    0    0    0
  355   -4    0    0   -4   -4   -4   -4    0    0    0    0    0    0    0   -4   -4    4    4    0    4    0    4    0    0    0    4    0    0    0    0    4    0    0    0    0    0    0    0    0    0    0    0    0    0    0    0    0    0    0    0    0    0    6    0    0    0    0    6    0    0    0    0    6    0    6    6    6    0    6    0    6    6    0    6    6    0   -6    0    0   -6   -6    0
  361    0    0    0    0    0    0    0    0    0    0    0    0    0    0    0    0    0    0    0    0    0    0    0    0    0    0    0    0    0    0    0    0    0    0    0    0    0    0    0    0    0    0    0    0    0    0    0    0    0    0    0    0    0    0    0    0    0    0    0    0    0    0    0    0    0    0    0    0    0    0    0    0    0    0    0    0    0    0    0    0    0    0
  362    0    0    0    0    0    0    0    0    0    0    0    0    0    0    0    0    0    0    0    0    0    0    0    0    0    0    0    0    0    0    0    0    0    0    0    0    0    0    0    0    0    0    0    0    0    0    0    0    0    0    0    0    0    0    0    0    0    0    0    0    0    0    0    0    0    0    0    0    0    0    0    0    0    0    0    0    0    0    0    0    0    0
  363    0    0    0    0    0    0    0    0    0    0    0    0    0    0    0    0    0    0    0    0    0    0    0    0    0    0    0    0    0    0    0    0    0    0    0    0    0    0    0    0    0    0    0    0    0    0    0    0    0    0    0    0    0    0    0    0    0    0    0    0    0    0    0    0    0    0    0    0    0    0    0    0    0    0    0    0    0    0    0    0    0    0
  364   -4    0    0   -4   -4   -4   -4    0    0    0    0    0    0    0   -4   -4    4    4    0    4    0    4    0    0    0    4    0    0    0    0    4    0    0    0    0    0    0    0    0    0    0    0    0    0    0    0    0    0    0    0    0    0    6    0    0    0    0    6    0    0    0    0    6    0    6    6    6    0    6    0    6    6    0    6    6    0   -6    0    0   -6   -6    0
  365   -4    0    0   -4   -4   -4   -4    0    0    0    0    0    0    0   -4   -4    4    4    0    4    0    4    0    0    0    4    0    0    0    0    4    0    0    0    0    0    0    0    0    0    0    0    0    0    0    0    0    0    0    0    0    0    6    0    0    0    0    6    0    0    0    0    6    0    6    6    6    0    6    0    6    6    0    6    6    0   -6    0    0   -6   -6    0
  366    0    0    0    0    0    0    0    0    0    0    0    0    0    0    0    0    0    0    0    0    0    0    0    0    0    0    0    0    0    0    0    0    0    0    0    0    0    0    0    0    0    0    0    0    0    0    0    0    0    0    0    0    0    0    0    0    0    0    0    0    0    0    0    0    0    0    0    0    0    0    0    0    0    0    0    0    0    0    0    0    0    0
  411    1    0    0    1    1    1    1    0    0    0    0    0    0    0    1    1   -1   -1    0   -1    0   -1    0    0    0   -1    0    0    0    0   -1    0   -6   -6    0   -6   -6   -6    0    0    0    0    0    0    0   -6    0    0    0   -6   -6    0    0    0    0    0    0    0    0    0    0    0    0    0    0    0    0    0    0    0    0    0    0    0    0    0   -5    0    0   -5   -5    0
  412    0    0    0    0    0    0    0    0    0    0    0    0    0    0    0    0    0    0    0    0    0    0    0    0    0    0    0    0    0    0    0    0    0    0    0    0    0    0    0    0    0    0    0    0    0    0    0    0    0    0    0    0    0    0    0    0    0    0    0    0    0    0    0    0    0    0    0    0    0    0    0    0    0    0    0    0    0    0    0    0    0    0
  413    0    0    0    0    0    0    0    0    0    0    0    0    0    0    0    0    0    0    0    0    0    0    0    0    0    0    0    0    0    0    0    0    0    0    0    0    0    0    0    0    0    0    0    0    0    0    0    0    0    0    0    0    0    0    0    0    0    0    0    0    0    0    0    0    0    0    0    0    0    0    0    0    0    0    0    0    0    0    0    0    0    0
  414    0    0    0    0    0    0    0    0    0    0    0    0    0    0    0    0    0    0    0    0    0    0    0    0    0    0    0    0    0    0    0    0    0    0    0    0    0    0    0    0    0    0    0    0    0    0    0    0    0    0    0    0    0    0    0    0    0    0    0    0    0    0    0    0    0    0    0    0    0    0    0    0    0    0    0    0    0    0    0    0    0    0
  415    0    0    0    0    0    0    0    0    0    0    0    0    0    0    0    0    0    0    0    0    0    0    0    0    0    0    0    0    0    0    0    0    0    0    0    0    0    0    0    0    0    0    0    0    0    0    0    0    0    0    0    0    0    0    0    0    0    0    0    0    0    0    0    0    0    0    0    0    0    0    0    0    0    0    0    0    0    0    0    0    0    0
  421    1    0    0    1    1    1    1    0    0    0    0    0    0    0    1    1   -1   -1    0   -1    0   -1    0    0    0   -1    0    0    0    0   -1    0   -6   -6    0   -6   -6   -6    0    0    0    0    0    0    0   -6    0    0    0   -6   -6    0    0    0    0    0    0    0    0    0    0    0    0    0    0    0    0    0    0    0    0    0    0    0    0    0   -5    0    0   -5   -5    0
  422    0    0    0    0    0    0    0    0    0    0    0    0    0    0    0    0    0    0    0    0    0    0    0    0    0    0    0    0    0    0    0    0    0    0    0    0    0    0    0    0    0    0    0    0    0    0    0    0    0    0    0    0    0    0    0    0    0    0    0    0    0    0    0    0    0    0    0    0    0    0    0    0    0    0    0    0    0    0    0    0    0    0
  423    0    0    0    0    0    0    0    0    0    0    0    0    0    0    0    0    0    0    0    0    0    0    0    0    0    0    0    0    0    0    0    0    0    0    0    0    0    0    0    0    0    0    0    0    0    0    0    0    0    0    0    0    0    0    0    0    0    0    0    0    0    0    0    0    0    0    0    0    0    0    0    0    0    0    0    0    0    0    0    0    0    0
  431    0    0    0    0    0    0    0    0    0    0    0    0    0    0    0    0    0    0    0    0    0    0    0    0    0    0    0    0    0    0    0    0    0    0    0    0    0    0    0    0    0    0    0    0    0    0    0    0    0    0    0    0    0    0    0    0    0    0    0    0    0    0    0    0    0    0    0    0    0    0    0    0    0    0    0    0    0    0    0    0    0    0
  432    0    0    0    0    0    0    0    0    0    0    0    0    0    0    0    0    0    0    0    0    0    0    0    0    0    0    0    0    0    0    0    0    0    0    0    0    0    0    0    0    0    0    0    0    0    0    0    0    0    0    0    0    0    0    0    0    0    0    0    0    0    0    0    0    0    0    0    0    0    0    0    0    0    0    0    0    0    0    0    0    0    0
  433    1    0    0    1    1    1    1    0    0    0    0    0    0    0    1    1   -1   -1    0   -1    0   -1    0    0    0   -1    0    0    0    0   -1    0   -6   -6    0   -6   -6   -6    0    0    0    0    0    0    0   -6    0    0    0   -6   -6    0    0    0    0    0    0    0    0    0    0    0    0    0    0    0    0    0    0    0    0    0    0    0    0    0   -5    0    0   -5   -5    0
  434    0    0    0    0    0    0    0    0    0    0    0    0    0    0    0    0    0    0    0    0    0    0    0    0    0    0    0    0    0    0    0    0    0    0    0    0    0    0    0    0    0    0    0    0    0    0    0    0    0    0    0    0    0    0    0    0    0    0    0    0    0    0    0    0    0    0    0    0    0    0    0    0    0    0    0    0    0    0    0    0    0    0
  435    1    0    0    1    1    1    1    0    0    0    0    0    0    0    1    1   -1   -1    0   -1    0   -1    0    0    0   -1    0    0    0    0   -1    0   -6   -6    0   -6   -6   -6    0    0    0    0    0    0    0   -6    0    0    0   -6   -6    0    0    0    0    0    0    0    0    0    0    0    0    0    0    0    0    0    0    0    0    0    0    0    0    0   -5    0    0   -5   -5    0
  436    1    0    0    1    1    1    1    0    0    0    0    0    0    0    1    1   -1   -1    0   -1    0   -1    0    0    0   -1    0    0    0    0   -1    0   -6   -6    0   -6   -6   -6    0    0    0    0    0    0    0   -6    0    0    0   -6   -6    0    0    0    0    0    0    0    0    0    0    0    0    0    0    0    0    0    0    0    0    0    0    0    0    0   -5    0    0   -5   -5    0
  437    1    0    0    1    1    1    1    0    0    0    0    0    0    0    1    1   -1   -1    0   -1    0   -1    0    0    0   -1    0    0    0    0   -1    0   -6   -6    0   -6   -6   -6    0    0    0    0    0    0    0   -6    0    0    0   -6   -6    0    0    0    0    0    0    0    0    0    0    0    0    0    0    0    0    0    0    0    0    0    0    0    0    0   -5    0    0   -5   -5    0
  441    0    0    0    0    0    0    0    0    0    0    0    0    0    0    0    0    0    0    0    0    0    0    0    0    0    0    0    0    0    0    0    0    0    0    0    0    0    0    0    0    0    0    0    0    0    0    0    0    0    0    0    0    0    0    0    0    0    0    0    0    0    0    0    0    0    0    0    0    0    0    0    0    0    0    0    0    0    0    0    0    0    0
  442    1    0    0    1    1    1    1    0    0    0    0    0    0    0    1    1   -1   -1    0   -1    0   -1    0    0    0   -1    0    0    0    0   -1    0   -6   -6    0   -6   -6   -6    0    0    0    0    0    0    0   -6    0    0    0   -6   -6    0    0    0    0    0    0    0    0    0    0    0    0    0    0    0    0    0    0    0    0    0    0    0    0    0   -5    0    0   -5   -5    0
  443    0    0    0    0    0    0    0    0    0    0    0    0    0    0    0    0    0    0    0    0    0    0    0    0    0    0    0    0    0    0    0    0    0    0    0    0    0    0    0    0    0    0    0    0    0    0    0    0    0    0    0    0    0    0    0    0    0    0    0    0    0    0    0    0    0    0    0    0    0    0    0    0    0    0    0    0    0    0    0    0    0    0
  444    1    0    0    1    1    1    1    0    0    0    0    0    0    0    1    1   -1   -1    0   -1    0   -1    0    0    0   -1    0    0    0    0   -1    0   -6   -6    0   -6   -6   -6    0    0    0    0    0    0    0   -6    0    0    0   -6   -6    0    0    0    0    0    0    0    0    0    0    0    0    0    0    0    0    0    0    0    0    0    0    0    0    0   -5    0    0   -5   -5    0
  445    1    0    0    1    1    1    1    0    0    0    0    0    0    0    1    1   -1   -1    0   -1    0   -1    0    0    0   -1    0    0    0    0   -1    0   -6   -6    0   -6   -6   -6    0    0    0    0    0    0    0   -6    0    0    0   -6   -6    0    0    0    0    0    0    0    0    0    0    0    0    0    0    0    0    0    0    0    0    0    0    0    0    0   -5    0    0   -5   -5    0
  451    0    0    0    0    0    0    0    0    0    0    0    0    0    0    0    0    0    0    0    0    0    0    0    0    0    0    0    0    0    0    0    0    0    0    0    0    0    0    0    0    0    0    0    0    0    0    0    0    0    0    0    0    0    0    0    0    0    0    0    0    0    0    0    0    0    0    0    0    0    0    0    0    0    0    0    0    0    0    0    0    0    0
  452    1    0    0    1    1    1    1    0    0    0    0    0    0    0    1    1   -1   -1    0   -1    0   -1    0    0    0   -1    0    0    0    0   -1    0   -6   -6    0   -6   -6   -6    0    0    0    0    0    0    0   -6    0    0    0   -6   -6    0    0    0    0    0    0    0    0    0    0    0    0    0    0    0    0    0    0    0    0    0    0    0    0    0   -5    0    0   -5   -5    0
  453    1    0    0    1    1    1    1    0    0    0    0    0    0    0    1    1   -1   -1    0   -1    0   -1    0    0    0   -1    0    0    0    0   -1    0   -6   -6    0   -6   -6   -6    0    0    0    0    0    0    0   -6    0    0    0   -6   -6    0    0    0    0    0    0    0    0    0    0    0    0    0    0    0    0    0    0    0    0    0    0    0    0    0   -5    0    0   -5   -5    0
  511    0    0    0    0    0    0    0    0    0    0    0    0    0    0    0    0    0    0    0    0    0    0    0    0    0    0    0    0    0    0    0    0    0    0    0    0    0    0    0    0    0    0    0    0    0    0    0    0    0    0    0    0    0    0    0    0    0    0    0    0    0    0    0    0    0    0    0    0    0    0    0    0    0    0    0    0    0    0    0    0    0    0
  512    0    0    0    0    0    0    0    0    0    0    0    0    0    0    0    0    6    6    0    6    0    6    0    0    0    6    0    0    0    0    6    0    6    6    0    6    6    6    0    0    0    0    0    0    0    6    0    0    0    6    6    0    5    0    0    0    0    5    0    0    0    0    5    0    5    5    5    0    5    0    5    5    0    5    5    0    0    0    0    0    0    0
  513    0    0    0    0    0    0    0    0    0    0    0    0    0    0    0    0    0    0    0    0    0    0    0    0    0    0    0    0    0    0    0    0    0    0    0    0    0    0    0    0    0    0    0    0    0    0    0    0    0    0    0    0    0    0    0    0    0    0    0    0    0    0    0    0    0    0    0    0    0    0    0    0    0    0    0    0    0    0    0    0    0    0
  521    0    0    0    0    0    0    0    0    0    0    0    0    0    0    0    0    0    0    0    0    0    0    0    0    0    0    0    0    0    0    0    0    0    0    0    0    0    0    0    0    0    0    0    0    0    0    0    0    0    0    0    0    0    0    0    0    0    0    0    0    0    0    0    0    0    0    0    0    0    0    0    0    0    0    0    0    0    0    0    0    0    0
  522    0    0    0    0    0    0    0    0    0    0    0    0    0    0    0    0    6    6    0    6    0    6    0    0    0    6    0    0    0    0    6    0    6    6    0    6    6    6    0    0    0    0    0    0    0    6    0    0    0    6    6    0    5    0    0    0    0    5    0    0    0    0    5    0    5    5    5    0    5    0    5    5    0    5    5    0    0    0    0    0    0    0
  523    0    0    0    0    0    0    0    0    0    0    0    0    0    0    0    0    6    6    0    6    0    6    0    0    0    6    0    0    0    0    6    0    6    6    0    6    6    6    0    0    0    0    0    0    0    6    0    0    0    6    6    0    5    0    0    0    0    5    0    0    0    0    5    0    5    5    5    0    5    0    5    5    0    5    5    0    0    0    0    0    0    0
  524    0    0    0    0    0    0    0    0    0    0    0    0    0    0    0    0    0    0    0    0    0    0    0    0    0    0    0    0    0    0    0    0    0    0    0    0    0    0    0    0    0    0    0    0    0    0    0    0    0    0    0    0    0    0    0    0    0    0    0    0    0    0    0    0    0    0    0    0    0    0    0    0    0    0    0    0    0    0    0    0    0    0

 обратносимметрична€ матрица сравнени€ у€звимостей (в отсутствующих у€звимост€х нули во всей строке / столбце)
       111  112  113  114  121  122  131  132  133  141  142  143  151  152  153  154  211  212  221  222  223  231  232  233  234  235  241  242  243  251  252  311  312  313  321  322  323  331  332  341  342  351  352  353  354  355  361  362  363  364  365  366  411  412  413  414  415  421  422  423  431  432  433  434  435  436  437  441  442  443  444  445  451  452  453  511  512  513  521  522  523  524
  111 1.00 0.00 0.00 1.00 1.00 1.00 1.00 0.00 0.00 0.00 0.00 0.00 0.00 0.00 1.00 1.00 2.00 2.00 0.00 2.00 0.00 2.00 0.00 0.00 0.00 2.00 0.00 0.00 0.00 0.00 2.00 0.00 5.00 5.00 0.00 5.00 5.00 5.00 0.00 0.00 0.00 0.00 0.00 0.00 0.00 5.00 0.00 0.00 0.00 5.00 5.00 0.00 0.50 0.00 0.00 0.00 0.00 0.50 0.00 0.00 0.00 0.00 0.50 0.00 0.50 0.50 0.50 0.00 0.50 0.00 0.50 0.50 0.00 0.50 0.50 0.00 1.00 0.00 0.00 1.00 1.00 0.00
  112 0.00 0.00 0.00 0.00 0.00 0.00 0.00 0.00 0.00 0.00 0.00 0.00 0.00 0.00 0.00 0.00 0.00 0.00 0.00 0.00 0.00 0.00 0.00 0.00 0.00 0.00 0.00 0.00 0.00 0.00 0.00 0.00 0.00 0.00 0.00 0.00 0.00 0.00 0.00 0.00 0.00 0.00 0.00 0.00 0.00 0.00 0.00 0.00 0.00 0.00 0.00 0.00 0.00 0.00 0.00 0.00 0.00 0.00 0.00 0.00 0.00 0.00 0.00 0.00 0.00 0.00 0.00 0.00 0.00 0.00 0.00 0.00 0.00 0.00 0.00 0.00 0.00 0.00 0.00 0.00 0.00 0.00
  113 0.00 0.00 0.00 0.00 0.00 0.00 0.00 0.00 0.00 0.00 0.00 0.00 0.00 0.00 0.00 0.00 0.00 0.00 0.00 0.00 0.00 0.00 0.00 0.00 0.00 0.00 0.00 0.00 0.00 0.00 0.00 0.00 0.00 0.00 0.00 0.00 0.00 0.00 0.00 0.00 0.00 0.00 0.00 0.00 0.00 0.00 0.00 0.00 0.00 0.00 0.00 0.00 0.00 0.00 0.00 0.00 0.00 0.00 0.00 0.00 0.00 0.00 0.00 0.00 0.00 0.00 0.00 0.00 0.00 0.00 0.00 0.00 0.00 0.00 0.00 0.00 0.00 0.00 0.00 0.00 0.00 0.00
  114 1.00 0.00 0.00 1.00 1.00 1.00 1.00 0.00 0.00 0.00 0.00 0.00 0.00 0.00 1.00 1.00 2.00 2.00 0.00 2.00 0.00 2.00 0.00 0.00 0.00 2.00 0.00 0.00 0.00 0.00 2.00 0.00 5.00 5.00 0.00 5.00 5.00 5.00 0.00 0.00 0.00 0.00 0.00 0.00 0.00 5.00 0.00 0.00 0.00 5.00 5.00 0.00 0.50 0.00 0.00 0.00 0.00 0.50 0.00 0.00 0.00 0.00 0.50 0.00 0.50 0.50 0.50 0.00 0.50 0.00 0.50 0.50 0.00 0.50 0.50 0.00 1.00 0.00 0.00 1.00 1.00 0.00
  121 1.00 0.00 0.00 1.00 1.00 1.00 1.00 0.00 0.00 0.00 0.00 0.00 0.00 0.00 1.00 1.00 2.00 2.00 0.00 2.00 0.00 2.00 0.00 0.00 0.00 2.00 0.00 0.00 0.00 0.00 2.00 0.00 5.00 5.00 0.00 5.00 5.00 5.00 0.00 0.00 0.00 0.00 0.00 0.00 0.00 5.00 0.00 0.00 0.00 5.00 5.00 0.00 0.50 0.00 0.00 0.00 0.00 0.50 0.00 0.00 0.00 0.00 0.50 0.00 0.50 0.50 0.50 0.00 0.50 0.00 0.50 0.50 0.00 0.50 0.50 0.00 1.00 0.00 0.00 1.00 1.00 0.00
  122 1.00 0.00 0.00 1.00 1.00 1.00 1.00 0.00 0.00 0.00 0.00 0.00 0.00 0.00 1.00 1.00 2.00 2.00 0.00 2.00 0.00 2.00 0.00 0.00 0.00 2.00 0.00 0.00 0.00 0.00 2.00 0.00 5.00 5.00 0.00 5.00 5.00 5.00 0.00 0.00 0.00 0.00 0.00 0.00 0.00 5.00 0.00 0.00 0.00 5.00 5.00 0.00 0.50 0.00 0.00 0.00 0.00 0.50 0.00 0.00 0.00 0.00 0.50 0.00 0.50 0.50 0.50 0.00 0.50 0.00 0.50 0.50 0.00 0.50 0.50 0.00 1.00 0.00 0.00 1.00 1.00 0.00
  131 1.00 0.00 0.00 1.00 1.00 1.00 1.00 0.00 0.00 0.00 0.00 0.00 0.00 0.00 1.00 1.00 2.00 2.00 0.00 2.00 0.00 2.00 0.00 0.00 0.00 2.00 0.00 0.00 0.00 0.00 2.00 0.00 5.00 5.00 0.00 5.00 5.00 5.00 0.00 0.00 0.00 0.00 0.00 0.00 0.00 5.00 0.00 0.00 0.00 5.00 5.00 0.00 0.50 0.00 0.00 0.00 0.00 0.50 0.00 0.00 0.00 0.00 0.50 0.00 0.50 0.50 0.50 0.00 0.50 0.00 0.50 0.50 0.00 0.50 0.50 0.00 1.00 0.00 0.00 1.00 1.00 0.00
  132 0.00 0.00 0.00 0.00 0.00 0.00 0.00 0.00 0.00 0.00 0.00 0.00 0.00 0.00 0.00 0.00 0.00 0.00 0.00 0.00 0.00 0.00 0.00 0.00 0.00 0.00 0.00 0.00 0.00 0.00 0.00 0.00 0.00 0.00 0.00 0.00 0.00 0.00 0.00 0.00 0.00 0.00 0.00 0.00 0.00 0.00 0.00 0.00 0.00 0.00 0.00 0.00 0.00 0.00 0.00 0.00 0.00 0.00 0.00 0.00 0.00 0.00 0.00 0.00 0.00 0.00 0.00 0.00 0.00 0.00 0.00 0.00 0.00 0.00 0.00 0.00 0.00 0.00 0.00 0.00 0.00 0.00
  133 0.00 0.00 0.00 0.00 0.00 0.00 0.00 0.00 0.00 0.00 0.00 0.00 0.00 0.00 0.00 0.00 0.00 0.00 0.00 0.00 0.00 0.00 0.00 0.00 0.00 0.00 0.00 0.00 0.00 0.00 0.00 0.00 0.00 0.00 0.00 0.00 0.00 0.00 0.00 0.00 0.00 0.00 0.00 0.00 0.00 0.00 0.00 0.00 0.00 0.00 0.00 0.00 0.00 0.00 0.00 0.00 0.00 0.00 0.00 0.00 0.00 0.00 0.00 0.00 0.00 0.00 0.00 0.00 0.00 0.00 0.00 0.00 0.00 0.00 0.00 0.00 0.00 0.00 0.00 0.00 0.00 0.00
  141 0.00 0.00 0.00 0.00 0.00 0.00 0.00 0.00 0.00 0.00 0.00 0.00 0.00 0.00 0.00 0.00 0.00 0.00 0.00 0.00 0.00 0.00 0.00 0.00 0.00 0.00 0.00 0.00 0.00 0.00 0.00 0.00 0.00 0.00 0.00 0.00 0.00 0.00 0.00 0.00 0.00 0.00 0.00 0.00 0.00 0.00 0.00 0.00 0.00 0.00 0.00 0.00 0.00 0.00 0.00 0.00 0.00 0.00 0.00 0.00 0.00 0.00 0.00 0.00 0.00 0.00 0.00 0.00 0.00 0.00 0.00 0.00 0.00 0.00 0.00 0.00 0.00 0.00 0.00 0.00 0.00 0.00
  142 0.00 0.00 0.00 0.00 0.00 0.00 0.00 0.00 0.00 0.00 0.00 0.00 0.00 0.00 0.00 0.00 0.00 0.00 0.00 0.00 0.00 0.00 0.00 0.00 0.00 0.00 0.00 0.00 0.00 0.00 0.00 0.00 0.00 0.00 0.00 0.00 0.00 0.00 0.00 0.00 0.00 0.00 0.00 0.00 0.00 0.00 0.00 0.00 0.00 0.00 0.00 0.00 0.00 0.00 0.00 0.00 0.00 0.00 0.00 0.00 0.00 0.00 0.00 0.00 0.00 0.00 0.00 0.00 0.00 0.00 0.00 0.00 0.00 0.00 0.00 0.00 0.00 0.00 0.00 0.00 0.00 0.00
  143 0.00 0.00 0.00 0.00 0.00 0.00 0.00 0.00 0.00 0.00 0.00 0.00 0.00 0.00 0.00 0.00 0.00 0.00 0.00 0.00 0.00 0.00 0.00 0.00 0.00 0.00 0.00 0.00 0.00 0.00 0.00 0.00 0.00 0.00 0.00 0.00 0.00 0.00 0.00 0.00 0.00 0.00 0.00 0.00 0.00 0.00 0.00 0.00 0.00 0.00 0.00 0.00 0.00 0.00 0.00 0.00 0.00 0.00 0.00 0.00 0.00 0.00 0.00 0.00 0.00 0.00 0.00 0.00 0.00 0.00 0.00 0.00 0.00 0.00 0.00 0.00 0.00 0.00 0.00 0.00 0.00 0.00
  151 0.00 0.00 0.00 0.00 0.00 0.00 0.00 0.00 0.00 0.00 0.00 0.00 0.00 0.00 0.00 0.00 0.00 0.00 0.00 0.00 0.00 0.00 0.00 0.00 0.00 0.00 0.00 0.00 0.00 0.00 0.00 0.00 0.00 0.00 0.00 0.00 0.00 0.00 0.00 0.00 0.00 0.00 0.00 0.00 0.00 0.00 0.00 0.00 0.00 0.00 0.00 0.00 0.00 0.00 0.00 0.00 0.00 0.00 0.00 0.00 0.00 0.00 0.00 0.00 0.00 0.00 0.00 0.00 0.00 0.00 0.00 0.00 0.00 0.00 0.00 0.00 0.00 0.00 0.00 0.00 0.00 0.00
  152 0.00 0.00 0.00 0.00 0.00 0.00 0.00 0.00 0.00 0.00 0.00 0.00 0.00 0.00 0.00 0.00 0.00 0.00 0.00 0.00 0.00 0.00 0.00 0.00 0.00 0.00 0.00 0.00 0.00 0.00 0.00 0.00 0.00 0.00 0.00 0.00 0.00 0.00 0.00 0.00 0.00 0.00 0.00 0.00 0.00 0.00 0.00 0.00 0.00 0.00 0.00 0.00 0.00 0.00 0.00 0.00 0.00 0.00 0.00 0.00 0.00 0.00 0.00 0.00 0.00 0.00 0.00 0.00 0.00 0.00 0.00 0.00 0.00 0.00 0.00 0.00 0.00 0.00 0.00 0.00 0.00 0.00
  153 1.00 0.00 0.00 1.00 1.00 1.00 1.00 0.00 0.00 0.00 0.00 0.00 0.00 0.00 1.00 1.00 2.00 2.00 0.00 2.00 0.00 2.00 0.00 0.00 0.00 2.00 0.00 0.00 0.00 0.00 2.00 0.00 5.00 5.00 0.00 5.00 5.00 5.00 0.00 0.00 0.00 0.00 0.00 0.00 0.00 5.00 0.00 0.00 0.00 5.00 5.00 0.00 0.50 0.00 0.00 0.00 0.00 0.50 0.00 0.00 0.00 0.00 0.50 0.00 0.50 0.50 0.50 0.00 0.50 0.00 0.50 0.50 0.00 0.50 0.50 0.00 1.00 0.00 0.00 1.00 1.00 0.00
  154 1.00 0.00 0.00 1.00 1.00 1.00 1.00 0.00 0.00 0.00 0.00 0.00 0.00 0.00 1.00 1.00 2.00 2.00 0.00 2.00 0.00 2.00 0.00 0.00 0.00 2.00 0.00 0.00 0.00 0.00 2.00 0.00 5.00 5.00 0.00 5.00 5.00 5.00 0.00 0.00 0.00 0.00 0.00 0.00 0.00 5.00 0.00 0.00 0.00 5.00 5.00 0.00 0.50 0.00 0.00 0.00 0.00 0.50 0.00 0.00 0.00 0.00 0.50 0.00 0.50 0.50 0.50 0.00 0.50 0.00 0.50 0.50 0.00 0.50 0.50 0.00 1.00 0.00 0.00 1.00 1.00 0.00
  211 0.50 0.00 0.00 0.50 0.50 0.50 0.50 0.00 0.00 0.00 0.00 0.00 0.00 0.00 0.50 0.50 1.00 1.00 0.00 1.00 0.00 1.00 0.00 0.00 0.00 1.00 0.00 0.00 0.00 0.00 1.00 0.00 0.20 0.20 0.00 0.20 0.20 0.20 0.00 0.00 0.00 0.00 0.00 0.00 0.00 0.20 0.00 0.00 0.00 0.20 0.20 0.00 2.00 0.00 0.00 0.00 0.00 2.00 0.00 0.00 0.00 0.00 2.00 0.00 2.00 2.00 2.00 0.00 2.00 0.00 2.00 2.00 0.00 2.00 2.00 0.00 0.14 0.00 0.00 0.14 0.14 0.00
  212 0.50 0.00 0.00 0.50 0.50 0.50 0.50 0.00 0.00 0.00 0.00 0.00 0.00 0.00 0.50 0.50 1.00 1.00 0.00 1.00 0.00 1.00 0.00 0.00 0.00 1.00 0.00 0.00 0.00 0.00 1.00 0.00 0.20 0.20 0.00 0.20 0.20 0.20 0.00 0.00 0.00 0.00 0.00 0.00 0.00 0.20 0.00 0.00 0.00 0.20 0.20 0.00 2.00 0.00 0.00 0.00 0.00 2.00 0.00 0.00 0.00 0.00 2.00 0.00 2.00 2.00 2.00 0.00 2.00 0.00 2.00 2.00 0.00 2.00 2.00 0.00 0.14 0.00 0.00 0.14 0.14 0.00
  221 0.00 0.00 0.00 0.00 0.00 0.00 0.00 0.00 0.00 0.00 0.00 0.00 0.00 0.00 0.00 0.00 0.00 0.00 0.00 0.00 0.00 0.00 0.00 0.00 0.00 0.00 0.00 0.00 0.00 0.00 0.00 0.00 0.00 0.00 0.00 0.00 0.00 0.00 0.00 0.00 0.00 0.00 0.00 0.00 0.00 0.00 0.00 0.00 0.00 0.00 0.00 0.00 0.00 0.00 0.00 0.00 0.00 0.00 0.00 0.00 0.00 0.00 0.00 0.00 0.00 0.00 0.00 0.00 0.00 0.00 0.00 0.00 0.00 0.00 0.00 0.00 0.00 0.00 0.00 0.00 0.00 0.00
  222 0.50 0.00 0.00 0.50 0.50 0.50 0.50 0.00 0.00 0.00 0.00 0.00 0.00 0.00 0.50 0.50 1.00 1.00 0.00 1.00 0.00 1.00 0.00 0.00 0.00 1.00 0.00 0.00 0.00 0.00 1.00 0.00 0.20 0.20 0.00 0.20 0.20 0.20 0.00 0.00 0.00 0.00 0.00 0.00 0.00 0.20 0.00 0.00 0.00 0.20 0.20 0.00 2.00 0.00 0.00 0.00 0.00 2.00 0.00 0.00 0.00 0.00 2.00 0.00 2.00 2.00 2.00 0.00 2.00 0.00 2.00 2.00 0.00 2.00 2.00 0.00 0.14 0.00 0.00 0.14 0.14 0.00
  223 0.00 0.00 0.00 0.00 0.00 0.00 0.00 0.00 0.00 0.00 0.00 0.00 0.00 0.00 0.00 0.00 0.00 0.00 0.00 0.00 0.00 0.00 0.00 0.00 0.00 0.00 0.00 0.00 0.00 0.00 0.00 0.00 0.00 0.00 0.00 0.00 0.00 0.00 0.00 0.00 0.00 0.00 0.00 0.00 0.00 0.00 0.00 0.00 0.00 0.00 0.00 0.00 0.00 0.00 0.00 0.00 0.00 0.00 0.00 0.00 0.00 0.00 0.00 0.00 0.00 0.00 0.00 0.00 0.00 0.00 0.00 0.00 0.00 0.00 0.00 0.00 0.00 0.00 0.00 0.00 0.00 0.00
  231 0.50 0.00 0.00 0.50 0.50 0.50 0.50 0.00 0.00 0.00 0.00 0.00 0.00 0.00 0.50 0.50 1.00 1.00 0.00 1.00 0.00 1.00 0.00 0.00 0.00 1.00 0.00 0.00 0.00 0.00 1.00 0.00 0.20 0.20 0.00 0.20 0.20 0.20 0.00 0.00 0.00 0.00 0.00 0.00 0.00 0.20 0.00 0.00 0.00 0.20 0.20 0.00 2.00 0.00 0.00 0.00 0.00 2.00 0.00 0.00 0.00 0.00 2.00 0.00 2.00 2.00 2.00 0.00 2.00 0.00 2.00 2.00 0.00 2.00 2.00 0.00 0.14 0.00 0.00 0.14 0.14 0.00
  232 0.00 0.00 0.00 0.00 0.00 0.00 0.00 0.00 0.00 0.00 0.00 0.00 0.00 0.00 0.00 0.00 0.00 0.00 0.00 0.00 0.00 0.00 0.00 0.00 0.00 0.00 0.00 0.00 0.00 0.00 0.00 0.00 0.00 0.00 0.00 0.00 0.00 0.00 0.00 0.00 0.00 0.00 0.00 0.00 0.00 0.00 0.00 0.00 0.00 0.00 0.00 0.00 0.00 0.00 0.00 0.00 0.00 0.00 0.00 0.00 0.00 0.00 0.00 0.00 0.00 0.00 0.00 0.00 0.00 0.00 0.00 0.00 0.00 0.00 0.00 0.00 0.00 0.00 0.00 0.00 0.00 0.00
  233 0.00 0.00 0.00 0.00 0.00 0.00 0.00 0.00 0.00 0.00 0.00 0.00 0.00 0.00 0.00 0.00 0.00 0.00 0.00 0.00 0.00 0.00 0.00 0.00 0.00 0.00 0.00 0.00 0.00 0.00 0.00 0.00 0.00 0.00 0.00 0.00 0.00 0.00 0.00 0.00 0.00 0.00 0.00 0.00 0.00 0.00 0.00 0.00 0.00 0.00 0.00 0.00 0.00 0.00 0.00 0.00 0.00 0.00 0.00 0.00 0.00 0.00 0.00 0.00 0.00 0.00 0.00 0.00 0.00 0.00 0.00 0.00 0.00 0.00 0.00 0.00 0.00 0.00 0.00 0.00 0.00 0.00
  234 0.00 0.00 0.00 0.00 0.00 0.00 0.00 0.00 0.00 0.00 0.00 0.00 0.00 0.00 0.00 0.00 0.00 0.00 0.00 0.00 0.00 0.00 0.00 0.00 0.00 0.00 0.00 0.00 0.00 0.00 0.00 0.00 0.00 0.00 0.00 0.00 0.00 0.00 0.00 0.00 0.00 0.00 0.00 0.00 0.00 0.00 0.00 0.00 0.00 0.00 0.00 0.00 0.00 0.00 0.00 0.00 0.00 0.00 0.00 0.00 0.00 0.00 0.00 0.00 0.00 0.00 0.00 0.00 0.00 0.00 0.00 0.00 0.00 0.00 0.00 0.00 0.00 0.00 0.00 0.00 0.00 0.00
  235 0.50 0.00 0.00 0.50 0.50 0.50 0.50 0.00 0.00 0.00 0.00 0.00 0.00 0.00 0.50 0.50 1.00 1.00 0.00 1.00 0.00 1.00 0.00 0.00 0.00 1.00 0.00 0.00 0.00 0.00 1.00 0.00 0.20 0.20 0.00 0.20 0.20 0.20 0.00 0.00 0.00 0.00 0.00 0.00 0.00 0.20 0.00 0.00 0.00 0.20 0.20 0.00 2.00 0.00 0.00 0.00 0.00 2.00 0.00 0.00 0.00 0.00 2.00 0.00 2.00 2.00 2.00 0.00 2.00 0.00 2.00 2.00 0.00 2.00 2.00 0.00 0.14 0.00 0.00 0.14 0.14 0.00
  241 0.00 0.00 0.00 0.00 0.00 0.00 0.00 0.00 0.00 0.00 0.00 0.00 0.00 0.00 0.00 0.00 0.00 0.00 0.00 0.00 0.00 0.00 0.00 0.00 0.00 0.00 0.00 0.00 0.00 0.00 0.00 0.00 0.00 0.00 0.00 0.00 0.00 0.00 0.00 0.00 0.00 0.00 0.00 0.00 0.00 0.00 0.00 0.00 0.00 0.00 0.00 0.00 0.00 0.00 0.00 0.00 0.00 0.00 0.00 0.00 0.00 0.00 0.00 0.00 0.00 0.00 0.00 0.00 0.00 0.00 0.00 0.00 0.00 0.00 0.00 0.00 0.00 0.00 0.00 0.00 0.00 0.00
  242 0.00 0.00 0.00 0.00 0.00 0.00 0.00 0.00 0.00 0.00 0.00 0.00 0.00 0.00 0.00 0.00 0.00 0.00 0.00 0.00 0.00 0.00 0.00 0.00 0.00 0.00 0.00 0.00 0.00 0.00 0.00 0.00 0.00 0.00 0.00 0.00 0.00 0.00 0.00 0.00 0.00 0.00 0.00 0.00 0.00 0.00 0.00 0.00 0.00 0.00 0.00 0.00 0.00 0.00 0.00 0.00 0.00 0.00 0.00 0.00 0.00 0.00 0.00 0.00 0.00 0.00 0.00 0.00 0.00 0.00 0.00 0.00 0.00 0.00 0.00 0.00 0.00 0.00 0.00 0.00 0.00 0.00
  243 0.00 0.00 0.00 0.00 0.00 0.00 0.00 0.00 0.00 0.00 0.00 0.00 0.00 0.00 0.00 0.00 0.00 0.00 0.00 0.00 0.00 0.00 0.00 0.00 0.00 0.00 0.00 0.00 0.00 0.00 0.00 0.00 0.00 0.00 0.00 0.00 0.00 0.00 0.00 0.00 0.00 0.00 0.00 0.00 0.00 0.00 0.00 0.00 0.00 0.00 0.00 0.00 0.00 0.00 0.00 0.00 0.00 0.00 0.00 0.00 0.00 0.00 0.00 0.00 0.00 0.00 0.00 0.00 0.00 0.00 0.00 0.00 0.00 0.00 0.00 0.00 0.00 0.00 0.00 0.00 0.00 0.00
  251 0.00 0.00 0.00 0.00 0.00 0.00 0.00 0.00 0.00 0.00 0.00 0.00 0.00 0.00 0.00 0.00 0.00 0.00 0.00 0.00 0.00 0.00 0.00 0.00 0.00 0.00 0.00 0.00 0.00 0.00 0.00 0.00 0.00 0.00 0.00 0.00 0.00 0.00 0.00 0.00 0.00 0.00 0.00 0.00 0.00 0.00 0.00 0.00 0.00 0.00 0.00 0.00 0.00 0.00 0.00 0.00 0.00 0.00 0.00 0.00 0.00 0.00 0.00 0.00 0.00 0.00 0.00 0.00 0.00 0.00 0.00 0.00 0.00 0.00 0.00 0.00 0.00 0.00 0.00 0.00 0.00 0.00
  252 0.50 0.00 0.00 0.50 0.50 0.50 0.50 0.00 0.00 0.00 0.00 0.00 0.00 0.00 0.50 0.50 1.00 1.00 0.00 1.00 0.00 1.00 0.00 0.00 0.00 1.00 0.00 0.00 0.00 0.00 1.00 0.00 0.20 0.20 0.00 0.20 0.20 0.20 0.00 0.00 0.00 0.00 0.00 0.00 0.00 0.20 0.00 0.00 0.00 0.20 0.20 0.00 2.00 0.00 0.00 0.00 0.00 2.00 0.00 0.00 0.00 0.00 2.00 0.00 2.00 2.00 2.00 0.00 2.00 0.00 2.00 2.00 0.00 2.00 2.00 0.00 0.14 0.00 0.00 0.14 0.14 0.00
  311 0.00 0.00 0.00 0.00 0.00 0.00 0.00 0.00 0.00 0.00 0.00 0.00 0.00 0.00 0.00 0.00 0.00 0.00 0.00 0.00 0.00 0.00 0.00 0.00 0.00 0.00 0.00 0.00 0.00 0.00 0.00 0.00 0.00 0.00 0.00 0.00 0.00 0.00 0.00 0.00 0.00 0.00 0.00 0.00 0.00 0.00 0.00 0.00 0.00 0.00 0.00 0.00 0.00 0.00 0.00 0.00 0.00 0.00 0.00 0.00 0.00 0.00 0.00 0.00 0.00 0.00 0.00 0.00 0.00 0.00 0.00 0.00 0.00 0.00 0.00 0.00 0.00 0.00 0.00 0.00 0.00 0.00
  312 0.20 0.00 0.00 0.20 0.20 0.20 0.20 0.00 0.00 0.00 0.00 0.00 0.00 0.00 0.20 0.20 5.00 5.00 0.00 5.00 0.00 5.00 0.00 0.00 0.00 5.00 0.00 0.00 0.00 0.00 5.00 0.00 1.00 1.00 0.00 1.00 1.00 1.00 0.00 0.00 0.00 0.00 0.00 0.00 0.00 1.00 0.00 0.00 0.00 1.00 1.00 0.00 7.00 0.00 0.00 0.00 0.00 7.00 0.00 0.00 0.00 0.00 7.00 0.00 7.00 7.00 7.00 0.00 7.00 0.00 7.00 7.00 0.00 7.00 7.00 0.00 0.14 0.00 0.00 0.14 0.14 0.00
  313 0.20 0.00 0.00 0.20 0.20 0.20 0.20 0.00 0.00 0.00 0.00 0.00 0.00 0.00 0.20 0.20 5.00 5.00 0.00 5.00 0.00 5.00 0.00 0.00 0.00 5.00 0.00 0.00 0.00 0.00 5.00 0.00 1.00 1.00 0.00 1.00 1.00 1.00 0.00 0.00 0.00 0.00 0.00 0.00 0.00 1.00 0.00 0.00 0.00 1.00 1.00 0.00 7.00 0.00 0.00 0.00 0.00 7.00 0.00 0.00 0.00 0.00 7.00 0.00 7.00 7.00 7.00 0.00 7.00 0.00 7.00 7.00 0.00 7.00 7.00 0.00 0.14 0.00 0.00 0.14 0.14 0.00
  321 0.00 0.00 0.00 0.00 0.00 0.00 0.00 0.00 0.00 0.00 0.00 0.00 0.00 0.00 0.00 0.00 0.00 0.00 0.00 0.00 0.00 0.00 0.00 0.00 0.00 0.00 0.00 0.00 0.00 0.00 0.00 0.00 0.00 0.00 0.00 0.00 0.00 0.00 0.00 0.00 0.00 0.00 0.00 0.00 0.00 0.00 0.00 0.00 0.00 0.00 0.00 0.00 0.00 0.00 0.00 0.00 0.00 0.00 0.00 0.00 0.00 0.00 0.00 0.00 0.00 0.00 0.00 0.00 0.00 0.00 0.00 0.00 0.00 0.00 0.00 0.00 0.00 0.00 0.00 0.00 0.00 0.00
  322 0.20 0.00 0.00 0.20 0.20 0.20 0.20 0.00 0.00 0.00 0.00 0.00 0.00 0.00 0.20 0.20 5.00 5.00 0.00 5.00 0.00 5.00 0.00 0.00 0.00 5.00 0.00 0.00 0.00 0.00 5.00 0.00 1.00 1.00 0.00 1.00 1.00 1.00 0.00 0.00 0.00 0.00 0.00 0.00 0.00 1.00 0.00 0.00 0.00 1.00 1.00 0.00 7.00 0.00 0.00 0.00 0.00 7.00 0.00 0.00 0.00 0.00 7.00 0.00 7.00 7.00 7.00 0.00 7.00 0.00 7.00 7.00 0.00 7.00 7.00 0.00 0.14 0.00 0.00 0.14 0.14 0.00
  323 0.20 0.00 0.00 0.20 0.20 0.20 0.20 0.00 0.00 0.00 0.00 0.00 0.00 0.00 0.20 0.20 5.00 5.00 0.00 5.00 0.00 5.00 0.00 0.00 0.00 5.00 0.00 0.00 0.00 0.00 5.00 0.00 1.00 1.00 0.00 1.00 1.00 1.00 0.00 0.00 0.00 0.00 0.00 0.00 0.00 1.00 0.00 0.00 0.00 1.00 1.00 0.00 7.00 0.00 0.00 0.00 0.00 7.00 0.00 0.00 0.00 0.00 7.00 0.00 7.00 7.00 7.00 0.00 7.00 0.00 7.00 7.00 0.00 7.00 7.00 0.00 0.14 0.00 0.00 0.14 0.14 0.00
  331 0.20 0.00 0.00 0.20 0.20 0.20 0.20 0.00 0.00 0.00 0.00 0.00 0.00 0.00 0.20 0.20 5.00 5.00 0.00 5.00 0.00 5.00 0.00 0.00 0.00 5.00 0.00 0.00 0.00 0.00 5.00 0.00 1.00 1.00 0.00 1.00 1.00 1.00 0.00 0.00 0.00 0.00 0.00 0.00 0.00 1.00 0.00 0.00 0.00 1.00 1.00 0.00 7.00 0.00 0.00 0.00 0.00 7.00 0.00 0.00 0.00 0.00 7.00 0.00 7.00 7.00 7.00 0.00 7.00 0.00 7.00 7.00 0.00 7.00 7.00 0.00 0.14 0.00 0.00 0.14 0.14 0.00
  332 0.00 0.00 0.00 0.00 0.00 0.00 0.00 0.00 0.00 0.00 0.00 0.00 0.00 0.00 0.00 0.00 0.00 0.00 0.00 0.00 0.00 0.00 0.00 0.00 0.00 0.00 0.00 0.00 0.00 0.00 0.00 0.00 0.00 0.00 0.00 0.00 0.00 0.00 0.00 0.00 0.00 0.00 0.00 0.00 0.00 0.00 0.00 0.00 0.00 0.00 0.00 0.00 0.00 0.00 0.00 0.00 0.00 0.00 0.00 0.00 0.00 0.00 0.00 0.00 0.00 0.00 0.00 0.00 0.00 0.00 0.00 0.00 0.00 0.00 0.00 0.00 0.00 0.00 0.00 0.00 0.00 0.00
  341 0.00 0.00 0.00 0.00 0.00 0.00 0.00 0.00 0.00 0.00 0.00 0.00 0.00 0.00 0.00 0.00 0.00 0.00 0.00 0.00 0.00 0.00 0.00 0.00 0.00 0.00 0.00 0.00 0.00 0.00 0.00 0.00 0.00 0.00 0.00 0.00 0.00 0.00 0.00 0.00 0.00 0.00 0.00 0.00 0.00 0.00 0.00 0.00 0.00 0.00 0.00 0.00 0.00 0.00 0.00 0.00 0.00 0.00 0.00 0.00 0.00 0.00 0.00 0.00 0.00 0.00 0.00 0.00 0.00 0.00 0.00 0.00 0.00 0.00 0.00 0.00 0.00 0.00 0.00 0.00 0.00 0.00
  342 0.00 0.00 0.00 0.00 0.00 0.00 0.00 0.00 0.00 0.00 0.00 0.00 0.00 0.00 0.00 0.00 0.00 0.00 0.00 0.00 0.00 0.00 0.00 0.00 0.00 0.00 0.00 0.00 0.00 0.00 0.00 0.00 0.00 0.00 0.00 0.00 0.00 0.00 0.00 0.00 0.00 0.00 0.00 0.00 0.00 0.00 0.00 0.00 0.00 0.00 0.00 0.00 0.00 0.00 0.00 0.00 0.00 0.00 0.00 0.00 0.00 0.00 0.00 0.00 0.00 0.00 0.00 0.00 0.00 0.00 0.00 0.00 0.00 0.00 0.00 0.00 0.00 0.00 0.00 0.00 0.00 0.00
  351 0.00 0.00 0.00 0.00 0.00 0.00 0.00 0.00 0.00 0.00 0.00 0.00 0.00 0.00 0.00 0.00 0.00 0.00 0.00 0.00 0.00 0.00 0.00 0.00 0.00 0.00 0.00 0.00 0.00 0.00 0.00 0.00 0.00 0.00 0.00 0.00 0.00 0.00 0.00 0.00 0.00 0.00 0.00 0.00 0.00 0.00 0.00 0.00 0.00 0.00 0.00 0.00 0.00 0.00 0.00 0.00 0.00 0.00 0.00 0.00 0.00 0.00 0.00 0.00 0.00 0.00 0.00 0.00 0.00 0.00 0.00 0.00 0.00 0.00 0.00 0.00 0.00 0.00 0.00 0.00 0.00 0.00
  352 0.00 0.00 0.00 0.00 0.00 0.00 0.00 0.00 0.00 0.00 0.00 0.00 0.00 0.00 0.00 0.00 0.00 0.00 0.00 0.00 0.00 0.00 0.00 0.00 0.00 0.00 0.00 0.00 0.00 0.00 0.00 0.00 0.00 0.00 0.00 0.00 0.00 0.00 0.00 0.00 0.00 0.00 0.00 0.00 0.00 0.00 0.00 0.00 0.00 0.00 0.00 0.00 0.00 0.00 0.00 0.00 0.00 0.00 0.00 0.00 0.00 0.00 0.00 0.00 0.00 0.00 0.00 0.00 0.00 0.00 0.00 0.00 0.00 0.00 0.00 0.00 0.00 0.00 0.00 0.00 0.00 0.00
  353 0.00 0.00 0.00 0.00 0.00 0.00 0.00 0.00 0.00 0.00 0.00 0.00 0.00 0.00 0.00 0.00 0.00 0.00 0.00 0.00 0.00 0.00 0.00 0.00 0.00 0.00 0.00 0.00 0.00 0.00 0.00 0.00 0.00 0.00 0.00 0.00 0.00 0.00 0.00 0.00 0.00 0.00 0.00 0.00 0.00 0.00 0.00 0.00 0.00 0.00 0.00 0.00 0.00 0.00 0.00 0.00 0.00 0.00 0.00 0.00 0.00 0.00 0.00 0.00 0.00 0.00 0.00 0.00 0.00 0.00 0.00 0.00 0.00 0.00 0.00 0.00 0.00 0.00 0.00 0.00 0.00 0.00
  354 0.00 0.00 0.00 0.00 0.00 0.00 0.00 0.00 0.00 0.00 0.00 0.00 0.00 0.00 0.00 0.00 0.00 0.00 0.00 0.00 0.00 0.00 0.00 0.00 0.00 0.00 0.00 0.00 0.00 0.00 0.00 0.00 0.00 0.00 0.00 0.00 0.00 0.00 0.00 0.00 0.00 0.00 0.00 0.00 0.00 0.00 0.00 0.00 0.00 0.00 0.00 0.00 0.00 0.00 0.00 0.00 0.00 0.00 0.00 0.00 0.00 0.00 0.00 0.00 0.00 0.00 0.00 0.00 0.00 0.00 0.00 0.00 0.00 0.00 0.00 0.00 0.00 0.00 0.00 0.00 0.00 0.00
  355 0.20 0.00 0.00 0.20 0.20 0.20 0.20 0.00 0.00 0.00 0.00 0.00 0.00 0.00 0.20 0.20 5.00 5.00 0.00 5.00 0.00 5.00 0.00 0.00 0.00 5.00 0.00 0.00 0.00 0.00 5.00 0.00 1.00 1.00 0.00 1.00 1.00 1.00 0.00 0.00 0.00 0.00 0.00 0.00 0.00 1.00 0.00 0.00 0.00 1.00 1.00 0.00 7.00 0.00 0.00 0.00 0.00 7.00 0.00 0.00 0.00 0.00 7.00 0.00 7.00 7.00 7.00 0.00 7.00 0.00 7.00 7.00 0.00 7.00 7.00 0.00 0.14 0.00 0.00 0.14 0.14 0.00
  361 0.00 0.00 0.00 0.00 0.00 0.00 0.00 0.00 0.00 0.00 0.00 0.00 0.00 0.00 0.00 0.00 0.00 0.00 0.00 0.00 0.00 0.00 0.00 0.00 0.00 0.00 0.00 0.00 0.00 0.00 0.00 0.00 0.00 0.00 0.00 0.00 0.00 0.00 0.00 0.00 0.00 0.00 0.00 0.00 0.00 0.00 0.00 0.00 0.00 0.00 0.00 0.00 0.00 0.00 0.00 0.00 0.00 0.00 0.00 0.00 0.00 0.00 0.00 0.00 0.00 0.00 0.00 0.00 0.00 0.00 0.00 0.00 0.00 0.00 0.00 0.00 0.00 0.00 0.00 0.00 0.00 0.00
  362 0.00 0.00 0.00 0.00 0.00 0.00 0.00 0.00 0.00 0.00 0.00 0.00 0.00 0.00 0.00 0.00 0.00 0.00 0.00 0.00 0.00 0.00 0.00 0.00 0.00 0.00 0.00 0.00 0.00 0.00 0.00 0.00 0.00 0.00 0.00 0.00 0.00 0.00 0.00 0.00 0.00 0.00 0.00 0.00 0.00 0.00 0.00 0.00 0.00 0.00 0.00 0.00 0.00 0.00 0.00 0.00 0.00 0.00 0.00 0.00 0.00 0.00 0.00 0.00 0.00 0.00 0.00 0.00 0.00 0.00 0.00 0.00 0.00 0.00 0.00 0.00 0.00 0.00 0.00 0.00 0.00 0.00
  363 0.00 0.00 0.00 0.00 0.00 0.00 0.00 0.00 0.00 0.00 0.00 0.00 0.00 0.00 0.00 0.00 0.00 0.00 0.00 0.00 0.00 0.00 0.00 0.00 0.00 0.00 0.00 0.00 0.00 0.00 0.00 0.00 0.00 0.00 0.00 0.00 0.00 0.00 0.00 0.00 0.00 0.00 0.00 0.00 0.00 0.00 0.00 0.00 0.00 0.00 0.00 0.00 0.00 0.00 0.00 0.00 0.00 0.00 0.00 0.00 0.00 0.00 0.00 0.00 0.00 0.00 0.00 0.00 0.00 0.00 0.00 0.00 0.00 0.00 0.00 0.00 0.00 0.00 0.00 0.00 0.00 0.00
  364 0.20 0.00 0.00 0.20 0.20 0.20 0.20 0.00 0.00 0.00 0.00 0.00 0.00 0.00 0.20 0.20 5.00 5.00 0.00 5.00 0.00 5.00 0.00 0.00 0.00 5.00 0.00 0.00 0.00 0.00 5.00 0.00 1.00 1.00 0.00 1.00 1.00 1.00 0.00 0.00 0.00 0.00 0.00 0.00 0.00 1.00 0.00 0.00 0.00 1.00 1.00 0.00 7.00 0.00 0.00 0.00 0.00 7.00 0.00 0.00 0.00 0.00 7.00 0.00 7.00 7.00 7.00 0.00 7.00 0.00 7.00 7.00 0.00 7.00 7.00 0.00 0.14 0.00 0.00 0.14 0.14 0.00
  365 0.20 0.00 0.00 0.20 0.20 0.20 0.20 0.00 0.00 0.00 0.00 0.00 0.00 0.00 0.20 0.20 5.00 5.00 0.00 5.00 0.00 5.00 0.00 0.00 0.00 5.00 0.00 0.00 0.00 0.00 5.00 0.00 1.00 1.00 0.00 1.00 1.00 1.00 0.00 0.00 0.00 0.00 0.00 0.00 0.00 1.00 0.00 0.00 0.00 1.00 1.00 0.00 7.00 0.00 0.00 0.00 0.00 7.00 0.00 0.00 0.00 0.00 7.00 0.00 7.00 7.00 7.00 0.00 7.00 0.00 7.00 7.00 0.00 7.00 7.00 0.00 0.14 0.00 0.00 0.14 0.14 0.00
  366 0.00 0.00 0.00 0.00 0.00 0.00 0.00 0.00 0.00 0.00 0.00 0.00 0.00 0.00 0.00 0.00 0.00 0.00 0.00 0.00 0.00 0.00 0.00 0.00 0.00 0.00 0.00 0.00 0.00 0.00 0.00 0.00 0.00 0.00 0.00 0.00 0.00 0.00 0.00 0.00 0.00 0.00 0.00 0.00 0.00 0.00 0.00 0.00 0.00 0.00 0.00 0.00 0.00 0.00 0.00 0.00 0.00 0.00 0.00 0.00 0.00 0.00 0.00 0.00 0.00 0.00 0.00 0.00 0.00 0.00 0.00 0.00 0.00 0.00 0.00 0.00 0.00 0.00 0.00 0.00 0.00 0.00
  411 2.00 0.00 0.00 2.00 2.00 2.00 2.00 0.00 0.00 0.00 0.00 0.00 0.00 0.00 2.00 2.00 0.50 0.50 0.00 0.50 0.00 0.50 0.00 0.00 0.00 0.50 0.00 0.00 0.00 0.00 0.50 0.00 0.14 0.14 0.00 0.14 0.14 0.14 0.00 0.00 0.00 0.00 0.00 0.00 0.00 0.14 0.00 0.00 0.00 0.14 0.14 0.00 1.00 0.00 0.00 0.00 0.00 1.00 0.00 0.00 0.00 0.00 1.00 0.00 1.00 1.00 1.00 0.00 1.00 0.00 1.00 1.00 0.00 1.00 1.00 0.00 0.17 0.00 0.00 0.17 0.17 0.00
  412 0.00 0.00 0.00 0.00 0.00 0.00 0.00 0.00 0.00 0.00 0.00 0.00 0.00 0.00 0.00 0.00 0.00 0.00 0.00 0.00 0.00 0.00 0.00 0.00 0.00 0.00 0.00 0.00 0.00 0.00 0.00 0.00 0.00 0.00 0.00 0.00 0.00 0.00 0.00 0.00 0.00 0.00 0.00 0.00 0.00 0.00 0.00 0.00 0.00 0.00 0.00 0.00 0.00 0.00 0.00 0.00 0.00 0.00 0.00 0.00 0.00 0.00 0.00 0.00 0.00 0.00 0.00 0.00 0.00 0.00 0.00 0.00 0.00 0.00 0.00 0.00 0.00 0.00 0.00 0.00 0.00 0.00
  413 0.00 0.00 0.00 0.00 0.00 0.00 0.00 0.00 0.00 0.00 0.00 0.00 0.00 0.00 0.00 0.00 0.00 0.00 0.00 0.00 0.00 0.00 0.00 0.00 0.00 0.00 0.00 0.00 0.00 0.00 0.00 0.00 0.00 0.00 0.00 0.00 0.00 0.00 0.00 0.00 0.00 0.00 0.00 0.00 0.00 0.00 0.00 0.00 0.00 0.00 0.00 0.00 0.00 0.00 0.00 0.00 0.00 0.00 0.00 0.00 0.00 0.00 0.00 0.00 0.00 0.00 0.00 0.00 0.00 0.00 0.00 0.00 0.00 0.00 0.00 0.00 0.00 0.00 0.00 0.00 0.00 0.00
  414 0.00 0.00 0.00 0.00 0.00 0.00 0.00 0.00 0.00 0.00 0.00 0.00 0.00 0.00 0.00 0.00 0.00 0.00 0.00 0.00 0.00 0.00 0.00 0.00 0.00 0.00 0.00 0.00 0.00 0.00 0.00 0.00 0.00 0.00 0.00 0.00 0.00 0.00 0.00 0.00 0.00 0.00 0.00 0.00 0.00 0.00 0.00 0.00 0.00 0.00 0.00 0.00 0.00 0.00 0.00 0.00 0.00 0.00 0.00 0.00 0.00 0.00 0.00 0.00 0.00 0.00 0.00 0.00 0.00 0.00 0.00 0.00 0.00 0.00 0.00 0.00 0.00 0.00 0.00 0.00 0.00 0.00
  415 0.00 0.00 0.00 0.00 0.00 0.00 0.00 0.00 0.00 0.00 0.00 0.00 0.00 0.00 0.00 0.00 0.00 0.00 0.00 0.00 0.00 0.00 0.00 0.00 0.00 0.00 0.00 0.00 0.00 0.00 0.00 0.00 0.00 0.00 0.00 0.00 0.00 0.00 0.00 0.00 0.00 0.00 0.00 0.00 0.00 0.00 0.00 0.00 0.00 0.00 0.00 0.00 0.00 0.00 0.00 0.00 0.00 0.00 0.00 0.00 0.00 0.00 0.00 0.00 0.00 0.00 0.00 0.00 0.00 0.00 0.00 0.00 0.00 0.00 0.00 0.00 0.00 0.00 0.00 0.00 0.00 0.00
  421 2.00 0.00 0.00 2.00 2.00 2.00 2.00 0.00 0.00 0.00 0.00 0.00 0.00 0.00 2.00 2.00 0.50 0.50 0.00 0.50 0.00 0.50 0.00 0.00 0.00 0.50 0.00 0.00 0.00 0.00 0.50 0.00 0.14 0.14 0.00 0.14 0.14 0.14 0.00 0.00 0.00 0.00 0.00 0.00 0.00 0.14 0.00 0.00 0.00 0.14 0.14 0.00 1.00 0.00 0.00 0.00 0.00 1.00 0.00 0.00 0.00 0.00 1.00 0.00 1.00 1.00 1.00 0.00 1.00 0.00 1.00 1.00 0.00 1.00 1.00 0.00 0.17 0.00 0.00 0.17 0.17 0.00
  422 0.00 0.00 0.00 0.00 0.00 0.00 0.00 0.00 0.00 0.00 0.00 0.00 0.00 0.00 0.00 0.00 0.00 0.00 0.00 0.00 0.00 0.00 0.00 0.00 0.00 0.00 0.00 0.00 0.00 0.00 0.00 0.00 0.00 0.00 0.00 0.00 0.00 0.00 0.00 0.00 0.00 0.00 0.00 0.00 0.00 0.00 0.00 0.00 0.00 0.00 0.00 0.00 0.00 0.00 0.00 0.00 0.00 0.00 0.00 0.00 0.00 0.00 0.00 0.00 0.00 0.00 0.00 0.00 0.00 0.00 0.00 0.00 0.00 0.00 0.00 0.00 0.00 0.00 0.00 0.00 0.00 0.00
  423 0.00 0.00 0.00 0.00 0.00 0.00 0.00 0.00 0.00 0.00 0.00 0.00 0.00 0.00 0.00 0.00 0.00 0.00 0.00 0.00 0.00 0.00 0.00 0.00 0.00 0.00 0.00 0.00 0.00 0.00 0.00 0.00 0.00 0.00 0.00 0.00 0.00 0.00 0.00 0.00 0.00 0.00 0.00 0.00 0.00 0.00 0.00 0.00 0.00 0.00 0.00 0.00 0.00 0.00 0.00 0.00 0.00 0.00 0.00 0.00 0.00 0.00 0.00 0.00 0.00 0.00 0.00 0.00 0.00 0.00 0.00 0.00 0.00 0.00 0.00 0.00 0.00 0.00 0.00 0.00 0.00 0.00
  431 0.00 0.00 0.00 0.00 0.00 0.00 0.00 0.00 0.00 0.00 0.00 0.00 0.00 0.00 0.00 0.00 0.00 0.00 0.00 0.00 0.00 0.00 0.00 0.00 0.00 0.00 0.00 0.00 0.00 0.00 0.00 0.00 0.00 0.00 0.00 0.00 0.00 0.00 0.00 0.00 0.00 0.00 0.00 0.00 0.00 0.00 0.00 0.00 0.00 0.00 0.00 0.00 0.00 0.00 0.00 0.00 0.00 0.00 0.00 0.00 0.00 0.00 0.00 0.00 0.00 0.00 0.00 0.00 0.00 0.00 0.00 0.00 0.00 0.00 0.00 0.00 0.00 0.00 0.00 0.00 0.00 0.00
  432 0.00 0.00 0.00 0.00 0.00 0.00 0.00 0.00 0.00 0.00 0.00 0.00 0.00 0.00 0.00 0.00 0.00 0.00 0.00 0.00 0.00 0.00 0.00 0.00 0.00 0.00 0.00 0.00 0.00 0.00 0.00 0.00 0.00 0.00 0.00 0.00 0.00 0.00 0.00 0.00 0.00 0.00 0.00 0.00 0.00 0.00 0.00 0.00 0.00 0.00 0.00 0.00 0.00 0.00 0.00 0.00 0.00 0.00 0.00 0.00 0.00 0.00 0.00 0.00 0.00 0.00 0.00 0.00 0.00 0.00 0.00 0.00 0.00 0.00 0.00 0.00 0.00 0.00 0.00 0.00 0.00 0.00
  433 2.00 0.00 0.00 2.00 2.00 2.00 2.00 0.00 0.00 0.00 0.00 0.00 0.00 0.00 2.00 2.00 0.50 0.50 0.00 0.50 0.00 0.50 0.00 0.00 0.00 0.50 0.00 0.00 0.00 0.00 0.50 0.00 0.14 0.14 0.00 0.14 0.14 0.14 0.00 0.00 0.00 0.00 0.00 0.00 0.00 0.14 0.00 0.00 0.00 0.14 0.14 0.00 1.00 0.00 0.00 0.00 0.00 1.00 0.00 0.00 0.00 0.00 1.00 0.00 1.00 1.00 1.00 0.00 1.00 0.00 1.00 1.00 0.00 1.00 1.00 0.00 0.17 0.00 0.00 0.17 0.17 0.00
  434 0.00 0.00 0.00 0.00 0.00 0.00 0.00 0.00 0.00 0.00 0.00 0.00 0.00 0.00 0.00 0.00 0.00 0.00 0.00 0.00 0.00 0.00 0.00 0.00 0.00 0.00 0.00 0.00 0.00 0.00 0.00 0.00 0.00 0.00 0.00 0.00 0.00 0.00 0.00 0.00 0.00 0.00 0.00 0.00 0.00 0.00 0.00 0.00 0.00 0.00 0.00 0.00 0.00 0.00 0.00 0.00 0.00 0.00 0.00 0.00 0.00 0.00 0.00 0.00 0.00 0.00 0.00 0.00 0.00 0.00 0.00 0.00 0.00 0.00 0.00 0.00 0.00 0.00 0.00 0.00 0.00 0.00
  435 2.00 0.00 0.00 2.00 2.00 2.00 2.00 0.00 0.00 0.00 0.00 0.00 0.00 0.00 2.00 2.00 0.50 0.50 0.00 0.50 0.00 0.50 0.00 0.00 0.00 0.50 0.00 0.00 0.00 0.00 0.50 0.00 0.14 0.14 0.00 0.14 0.14 0.14 0.00 0.00 0.00 0.00 0.00 0.00 0.00 0.14 0.00 0.00 0.00 0.14 0.14 0.00 1.00 0.00 0.00 0.00 0.00 1.00 0.00 0.00 0.00 0.00 1.00 0.00 1.00 1.00 1.00 0.00 1.00 0.00 1.00 1.00 0.00 1.00 1.00 0.00 0.17 0.00 0.00 0.17 0.17 0.00
  436 2.00 0.00 0.00 2.00 2.00 2.00 2.00 0.00 0.00 0.00 0.00 0.00 0.00 0.00 2.00 2.00 0.50 0.50 0.00 0.50 0.00 0.50 0.00 0.00 0.00 0.50 0.00 0.00 0.00 0.00 0.50 0.00 0.14 0.14 0.00 0.14 0.14 0.14 0.00 0.00 0.00 0.00 0.00 0.00 0.00 0.14 0.00 0.00 0.00 0.14 0.14 0.00 1.00 0.00 0.00 0.00 0.00 1.00 0.00 0.00 0.00 0.00 1.00 0.00 1.00 1.00 1.00 0.00 1.00 0.00 1.00 1.00 0.00 1.00 1.00 0.00 0.17 0.00 0.00 0.17 0.17 0.00
  437 2.00 0.00 0.00 2.00 2.00 2.00 2.00 0.00 0.00 0.00 0.00 0.00 0.00 0.00 2.00 2.00 0.50 0.50 0.00 0.50 0.00 0.50 0.00 0.00 0.00 0.50 0.00 0.00 0.00 0.00 0.50 0.00 0.14 0.14 0.00 0.14 0.14 0.14 0.00 0.00 0.00 0.00 0.00 0.00 0.00 0.14 0.00 0.00 0.00 0.14 0.14 0.00 1.00 0.00 0.00 0.00 0.00 1.00 0.00 0.00 0.00 0.00 1.00 0.00 1.00 1.00 1.00 0.00 1.00 0.00 1.00 1.00 0.00 1.00 1.00 0.00 0.17 0.00 0.00 0.17 0.17 0.00
  441 0.00 0.00 0.00 0.00 0.00 0.00 0.00 0.00 0.00 0.00 0.00 0.00 0.00 0.00 0.00 0.00 0.00 0.00 0.00 0.00 0.00 0.00 0.00 0.00 0.00 0.00 0.00 0.00 0.00 0.00 0.00 0.00 0.00 0.00 0.00 0.00 0.00 0.00 0.00 0.00 0.00 0.00 0.00 0.00 0.00 0.00 0.00 0.00 0.00 0.00 0.00 0.00 0.00 0.00 0.00 0.00 0.00 0.00 0.00 0.00 0.00 0.00 0.00 0.00 0.00 0.00 0.00 0.00 0.00 0.00 0.00 0.00 0.00 0.00 0.00 0.00 0.00 0.00 0.00 0.00 0.00 0.00
  442 2.00 0.00 0.00 2.00 2.00 2.00 2.00 0.00 0.00 0.00 0.00 0.00 0.00 0.00 2.00 2.00 0.50 0.50 0.00 0.50 0.00 0.50 0.00 0.00 0.00 0.50 0.00 0.00 0.00 0.00 0.50 0.00 0.14 0.14 0.00 0.14 0.14 0.14 0.00 0.00 0.00 0.00 0.00 0.00 0.00 0.14 0.00 0.00 0.00 0.14 0.14 0.00 1.00 0.00 0.00 0.00 0.00 1.00 0.00 0.00 0.00 0.00 1.00 0.00 1.00 1.00 1.00 0.00 1.00 0.00 1.00 1.00 0.00 1.00 1.00 0.00 0.17 0.00 0.00 0.17 0.17 0.00
  443 0.00 0.00 0.00 0.00 0.00 0.00 0.00 0.00 0.00 0.00 0.00 0.00 0.00 0.00 0.00 0.00 0.00 0.00 0.00 0.00 0.00 0.00 0.00 0.00 0.00 0.00 0.00 0.00 0.00 0.00 0.00 0.00 0.00 0.00 0.00 0.00 0.00 0.00 0.00 0.00 0.00 0.00 0.00 0.00 0.00 0.00 0.00 0.00 0.00 0.00 0.00 0.00 0.00 0.00 0.00 0.00 0.00 0.00 0.00 0.00 0.00 0.00 0.00 0.00 0.00 0.00 0.00 0.00 0.00 0.00 0.00 0.00 0.00 0.00 0.00 0.00 0.00 0.00 0.00 0.00 0.00 0.00
  444 2.00 0.00 0.00 2.00 2.00 2.00 2.00 0.00 0.00 0.00 0.00 0.00 0.00 0.00 2.00 2.00 0.50 0.50 0.00 0.50 0.00 0.50 0.00 0.00 0.00 0.50 0.00 0.00 0.00 0.00 0.50 0.00 0.14 0.14 0.00 0.14 0.14 0.14 0.00 0.00 0.00 0.00 0.00 0.00 0.00 0.14 0.00 0.00 0.00 0.14 0.14 0.00 1.00 0.00 0.00 0.00 0.00 1.00 0.00 0.00 0.00 0.00 1.00 0.00 1.00 1.00 1.00 0.00 1.00 0.00 1.00 1.00 0.00 1.00 1.00 0.00 0.17 0.00 0.00 0.17 0.17 0.00
  445 2.00 0.00 0.00 2.00 2.00 2.00 2.00 0.00 0.00 0.00 0.00 0.00 0.00 0.00 2.00 2.00 0.50 0.50 0.00 0.50 0.00 0.50 0.00 0.00 0.00 0.50 0.00 0.00 0.00 0.00 0.50 0.00 0.14 0.14 0.00 0.14 0.14 0.14 0.00 0.00 0.00 0.00 0.00 0.00 0.00 0.14 0.00 0.00 0.00 0.14 0.14 0.00 1.00 0.00 0.00 0.00 0.00 1.00 0.00 0.00 0.00 0.00 1.00 0.00 1.00 1.00 1.00 0.00 1.00 0.00 1.00 1.00 0.00 1.00 1.00 0.00 0.17 0.00 0.00 0.17 0.17 0.00
  451 0.00 0.00 0.00 0.00 0.00 0.00 0.00 0.00 0.00 0.00 0.00 0.00 0.00 0.00 0.00 0.00 0.00 0.00 0.00 0.00 0.00 0.00 0.00 0.00 0.00 0.00 0.00 0.00 0.00 0.00 0.00 0.00 0.00 0.00 0.00 0.00 0.00 0.00 0.00 0.00 0.00 0.00 0.00 0.00 0.00 0.00 0.00 0.00 0.00 0.00 0.00 0.00 0.00 0.00 0.00 0.00 0.00 0.00 0.00 0.00 0.00 0.00 0.00 0.00 0.00 0.00 0.00 0.00 0.00 0.00 0.00 0.00 0.00 0.00 0.00 0.00 0.00 0.00 0.00 0.00 0.00 0.00
  452 2.00 0.00 0.00 2.00 2.00 2.00 2.00 0.00 0.00 0.00 0.00 0.00 0.00 0.00 2.00 2.00 0.50 0.50 0.00 0.50 0.00 0.50 0.00 0.00 0.00 0.50 0.00 0.00 0.00 0.00 0.50 0.00 0.14 0.14 0.00 0.14 0.14 0.14 0.00 0.00 0.00 0.00 0.00 0.00 0.00 0.14 0.00 0.00 0.00 0.14 0.14 0.00 1.00 0.00 0.00 0.00 0.00 1.00 0.00 0.00 0.00 0.00 1.00 0.00 1.00 1.00 1.00 0.00 1.00 0.00 1.00 1.00 0.00 1.00 1.00 0.00 0.17 0.00 0.00 0.17 0.17 0.00
  453 2.00 0.00 0.00 2.00 2.00 2.00 2.00 0.00 0.00 0.00 0.00 0.00 0.00 0.00 2.00 2.00 0.50 0.50 0.00 0.50 0.00 0.50 0.00 0.00 0.00 0.50 0.00 0.00 0.00 0.00 0.50 0.00 0.14 0.14 0.00 0.14 0.14 0.14 0.00 0.00 0.00 0.00 0.00 0.00 0.00 0.14 0.00 0.00 0.00 0.14 0.14 0.00 1.00 0.00 0.00 0.00 0.00 1.00 0.00 0.00 0.00 0.00 1.00 0.00 1.00 1.00 1.00 0.00 1.00 0.00 1.00 1.00 0.00 1.00 1.00 0.00 0.17 0.00 0.00 0.17 0.17 0.00
  511 0.00 0.00 0.00 0.00 0.00 0.00 0.00 0.00 0.00 0.00 0.00 0.00 0.00 0.00 0.00 0.00 0.00 0.00 0.00 0.00 0.00 0.00 0.00 0.00 0.00 0.00 0.00 0.00 0.00 0.00 0.00 0.00 0.00 0.00 0.00 0.00 0.00 0.00 0.00 0.00 0.00 0.00 0.00 0.00 0.00 0.00 0.00 0.00 0.00 0.00 0.00 0.00 0.00 0.00 0.00 0.00 0.00 0.00 0.00 0.00 0.00 0.00 0.00 0.00 0.00 0.00 0.00 0.00 0.00 0.00 0.00 0.00 0.00 0.00 0.00 0.00 0.00 0.00 0.00 0.00 0.00 0.00
  512 1.00 0.00 0.00 1.00 1.00 1.00 1.00 0.00 0.00 0.00 0.00 0.00 0.00 0.00 1.00 1.00 7.00 7.00 0.00 7.00 0.00 7.00 0.00 0.00 0.00 7.00 0.00 0.00 0.00 0.00 7.00 0.00 7.00 7.00 0.00 7.00 7.00 7.00 0.00 0.00 0.00 0.00 0.00 0.00 0.00 7.00 0.00 0.00 0.00 7.00 7.00 0.00 6.00 0.00 0.00 0.00 0.00 6.00 0.00 0.00 0.00 0.00 6.00 0.00 6.00 6.00 6.00 0.00 6.00 0.00 6.00 6.00 0.00 6.00 6.00 0.00 1.00 0.00 0.00 1.00 1.00 0.00
  513 0.00 0.00 0.00 0.00 0.00 0.00 0.00 0.00 0.00 0.00 0.00 0.00 0.00 0.00 0.00 0.00 0.00 0.00 0.00 0.00 0.00 0.00 0.00 0.00 0.00 0.00 0.00 0.00 0.00 0.00 0.00 0.00 0.00 0.00 0.00 0.00 0.00 0.00 0.00 0.00 0.00 0.00 0.00 0.00 0.00 0.00 0.00 0.00 0.00 0.00 0.00 0.00 0.00 0.00 0.00 0.00 0.00 0.00 0.00 0.00 0.00 0.00 0.00 0.00 0.00 0.00 0.00 0.00 0.00 0.00 0.00 0.00 0.00 0.00 0.00 0.00 0.00 0.00 0.00 0.00 0.00 0.00
  521 0.00 0.00 0.00 0.00 0.00 0.00 0.00 0.00 0.00 0.00 0.00 0.00 0.00 0.00 0.00 0.00 0.00 0.00 0.00 0.00 0.00 0.00 0.00 0.00 0.00 0.00 0.00 0.00 0.00 0.00 0.00 0.00 0.00 0.00 0.00 0.00 0.00 0.00 0.00 0.00 0.00 0.00 0.00 0.00 0.00 0.00 0.00 0.00 0.00 0.00 0.00 0.00 0.00 0.00 0.00 0.00 0.00 0.00 0.00 0.00 0.00 0.00 0.00 0.00 0.00 0.00 0.00 0.00 0.00 0.00 0.00 0.00 0.00 0.00 0.00 0.00 0.00 0.00 0.00 0.00 0.00 0.00
  522 1.00 0.00 0.00 1.00 1.00 1.00 1.00 0.00 0.00 0.00 0.00 0.00 0.00 0.00 1.00 1.00 7.00 7.00 0.00 7.00 0.00 7.00 0.00 0.00 0.00 7.00 0.00 0.00 0.00 0.00 7.00 0.00 7.00 7.00 0.00 7.00 7.00 7.00 0.00 0.00 0.00 0.00 0.00 0.00 0.00 7.00 0.00 0.00 0.00 7.00 7.00 0.00 6.00 0.00 0.00 0.00 0.00 6.00 0.00 0.00 0.00 0.00 6.00 0.00 6.00 6.00 6.00 0.00 6.00 0.00 6.00 6.00 0.00 6.00 6.00 0.00 1.00 0.00 0.00 1.00 1.00 0.00
  523 1.00 0.00 0.00 1.00 1.00 1.00 1.00 0.00 0.00 0.00 0.00 0.00 0.00 0.00 1.00 1.00 7.00 7.00 0.00 7.00 0.00 7.00 0.00 0.00 0.00 7.00 0.00 0.00 0.00 0.00 7.00 0.00 7.00 7.00 0.00 7.00 7.00 7.00 0.00 0.00 0.00 0.00 0.00 0.00 0.00 7.00 0.00 0.00 0.00 7.00 7.00 0.00 6.00 0.00 0.00 0.00 0.00 6.00 0.00 0.00 0.00 0.00 6.00 0.00 6.00 6.00 6.00 0.00 6.00 0.00 6.00 6.00 0.00 6.00 6.00 0.00 1.00 0.00 0.00 1.00 1.00 0.00
  524 0.00 0.00 0.00 0.00 0.00 0.00 0.00 0.00 0.00 0.00 0.00 0.00 0.00 0.00 0.00 0.00 0.00 0.00 0.00 0.00 0.00 0.00 0.00 0.00 0.00 0.00 0.00 0.00 0.00 0.00 0.00 0.00 0.00 0.00 0.00 0.00 0.00 0.00 0.00 0.00 0.00 0.00 0.00 0.00 0.00 0.00 0.00 0.00 0.00 0.00 0.00 0.00 0.00 0.00 0.00 0.00 0.00 0.00 0.00 0.00 0.00 0.00 0.00 0.00 0.00 0.00 0.00 0.00 0.00 0.00 0.00 0.00 0.00 0.00 0.00 0.00 0.00 0.00 0.00 0.00 0.00 0.00

 матрица критичности у€звимостей
     111  112  113  114  121  122  131  132  133  141  142  143  151  152  153  154  211  212  221  222  223  231  232  233  234  235  241  242  243  251  252  311  312  313  321  322  323  331  332  341  342  351  352  353  354  355  361  362  363  364  365  366  411  412  413  414  415  421  422  423  431  432  433  434  435  436  437  441  442  443  444  445  451  452  453  511  512  513  521  522  523  524
 11 20.4  0.0  0.0 20.4 20.4 20.4 20.4  0.0  0.0  0.0  0.0  0.0  0.0  0.0 20.4 20.4 18.5 18.5  0.0 18.5  0.0 18.5  0.0  0.0  0.0 18.5  0.0  0.0  0.0  0.0 18.5  0.0  4.1  4.1  0.0  4.1  4.1  4.1  0.0  0.0  0.0  0.0  0.0  0.0  0.0  4.1  0.0  0.0  0.0  4.1  4.1  0.0 31.0  0.0  0.0  0.0  0.0 31.0  0.0  0.0  0.0  0.0 31.0  0.0 31.0 31.0 31.0  0.0 31.0  0.0 31.0 31.0  0.0 31.0 31.0  0.0  2.4  0.0  0.0  2.4  2.4  0.0
 12 11.2  0.0  0.0 11.2 11.2 11.2 11.2  0.0  0.0  0.0  0.0  0.0  0.0  0.0 11.2 11.2 23.5 23.5  0.0 23.5  0.0 23.5  0.0  0.0  0.0 23.5  0.0  0.0  0.0  0.0 23.5  0.0 36.9 36.9  0.0 36.9 36.9 36.9  0.0  0.0  0.0  0.0  0.0  0.0  0.0 36.9  0.0  0.0  0.0 36.9 36.9  0.0 19.5  0.0  0.0  0.0  0.0 19.5  0.0  0.0  0.0  0.0 19.5  0.0 19.5 19.5 19.5  0.0 19.5  0.0 19.5 19.5  0.0 19.5 19.5  0.0  7.9  0.0  0.0  7.9  7.9  0.0
 13  9.6  0.0  0.0  9.6  9.6  9.6  9.6  0.0  0.0  0.0  0.0  0.0  0.0  0.0  9.6  9.6 33.0 33.0  0.0 33.0  0.0 33.0  0.0  0.0  0.0 33.0  0.0  0.0  0.0  0.0 33.0  0.0 38.8 38.8  0.0 38.8 38.8 38.8  0.0  0.0  0.0  0.0  0.0  0.0  0.0 38.8  0.0  0.0  0.0 38.8 38.8  0.0 32.5  0.0  0.0  0.0  0.0 32.5  0.0  0.0  0.0  0.0 32.5  0.0 32.5 32.5 32.5  0.0 32.5  0.0 32.5 32.5  0.0 32.5 32.5  0.0  8.0  0.0  0.0  8.0  8.0  0.0
 14  5.5  0.0  0.0  5.5  5.5  5.5  5.5  0.0  0.0  0.0  0.0  0.0  0.0  0.0  5.5  5.5 11.0 11.0  0.0 11.0  0.0 11.0  0.0  0.0  0.0 11.0  0.0  0.0  0.0  0.0 11.0  0.0 20.6 20.6  0.0 20.6 20.6 20.6  0.0  0.0  0.0  0.0  0.0  0.0  0.0 20.6  0.0  0.0  0.0 20.6 20.6  0.0  8.0  0.0  0.0  0.0  0.0  8.0  0.0  0.0  0.0  0.0  8.0  0.0  8.0  8.0  8.0  0.0  8.0  0.0  8.0  8.0  0.0  8.0  8.0  0.0  4.4  0.0  0.0  4.4  4.4  0.0
 15  5.9  0.0  0.0  5.9  5.9  5.9  5.9  0.0  0.0  0.0  0.0  0.0  0.0  0.0  5.9  5.9 21.0 21.0  0.0 21.0  0.0 21.0  0.0  0.0  0.0 21.0  0.0  0.0  0.0  0.0 21.0  0.0 22.6 22.6  0.0 22.6 22.6 22.6  0.0  0.0  0.0  0.0  0.0  0.0  0.0 22.6  0.0  0.0  0.0 22.6 22.6  0.0 22.0  0.0  0.0  0.0  0.0 22.0  0.0  0.0  0.0  0.0 22.0  0.0 22.0 22.0 22.0  0.0 22.0  0.0 22.0 22.0  0.0 22.0 22.0  0.0  4.7  0.0  0.0  4.7  4.7  0.0
 16  4.4  0.0  0.0  4.4  4.4  4.4  4.4  0.0  0.0  0.0  0.0  0.0  0.0  0.0  4.4  4.4 18.0 18.0  0.0 18.0  0.0 18.0  0.0  0.0  0.0 18.0  0.0  0.0  0.0  0.0 18.0  0.0 22.0 22.0  0.0 22.0 22.0 22.0  0.0  0.0  0.0  0.0  0.0  0.0  0.0 22.0  0.0  0.0  0.0 22.0 22.0  0.0 16.0  0.0  0.0  0.0  0.0 16.0  0.0  0.0  0.0  0.0 16.0  0.0 16.0 16.0 16.0  0.0 16.0  0.0 16.0 16.0  0.0 16.0 16.0  0.0  4.3  0.0  0.0  4.3  4.3  0.0
 17  4.0  0.0  0.0  4.0  4.0  4.0  4.0  0.0  0.0  0.0  0.0  0.0  0.0  0.0  4.0  4.0  8.0  8.0  0.0  8.0  0.0  8.0  0.0  0.0  0.0  8.0  0.0  0.0  0.0  0.0  8.0  0.0 20.0 20.0  0.0 20.0 20.0 20.0  0.0  0.0  0.0  0.0  0.0  0.0  0.0 20.0  0.0  0.0  0.0 20.0 20.0  0.0  2.0  0.0  0.0  0.0  0.0  2.0  0.0  0.0  0.0  0.0  2.0  0.0  2.0  2.0  2.0  0.0  2.0  0.0  2.0  2.0  0.0  2.0  2.0  0.0  4.0  0.0  0.0  4.0  4.0  0.0
 21  5.0  0.0  0.0  5.0  5.0  5.0  5.0  0.0  0.0  0.0  0.0  0.0  0.0  0.0  5.0  5.0 11.5 11.5  0.0 11.5  0.0 11.5  0.0  0.0  0.0 11.5  0.0  0.0  0.0  0.0 11.5  0.0  7.9  7.9  0.0  7.9  7.9  7.9  0.0  0.0  0.0  0.0  0.0  0.0  0.0  7.9  0.0  0.0  0.0  7.9  7.9  0.0 15.0  0.0  0.0  0.0  0.0 15.0  0.0  0.0  0.0  0.0 15.0  0.0 15.0 15.0 15.0  0.0 15.0  0.0 15.0 15.0  0.0 15.0 15.0  0.0  1.7  0.0  0.0  1.7  1.7  0.0
 22  5.0  0.0  0.0  5.0  5.0  5.0  5.0  0.0  0.0  0.0  0.0  0.0  0.0  0.0  5.0  5.0 11.5 11.5  0.0 11.5  0.0 11.5  0.0  0.0  0.0 11.5  0.0  0.0  0.0  0.0 11.5  0.0  7.9  7.9  0.0  7.9  7.9  7.9  0.0  0.0  0.0  0.0  0.0  0.0  0.0  7.9  0.0  0.0  0.0  7.9  7.9  0.0 15.0  0.0  0.0  0.0  0.0 15.0  0.0  0.0  0.0  0.0 15.0  0.0 15.0 15.0 15.0  0.0 15.0  0.0 15.0 15.0  0.0 15.0 15.0  0.0  1.7  0.0  0.0  1.7  1.7  0.0
 23 26.0  0.0  0.0 26.0 26.0 26.0 26.0  0.0  0.0  0.0  0.0  0.0  0.0  0.0 26.0 26.0 29.0 29.0  0.0 29.0  0.0 29.0  0.0  0.0  0.0 29.0  0.0  0.0  0.0  0.0 29.0  0.0 43.9 43.9  0.0 43.9 43.9 43.9  0.0  0.0  0.0  0.0  0.0  0.0  0.0 43.9  0.0  0.0  0.0 43.9 43.9  0.0 25.5  0.0  0.0  0.0  0.0 25.5  0.0  0.0  0.0  0.0 25.5  0.0 25.5 25.5 25.5  0.0 25.5  0.0 25.5 25.5  0.0 25.5 25.5  0.0  9.9  0.0  0.0  9.9  9.9  0.0
 24 10.2  0.0  0.0 10.2 10.2 10.2 10.2  0.0  0.0  0.0  0.0  0.0  0.0  0.0 10.2 10.2 21.5 21.5  0.0 21.5  0.0 21.5  0.0  0.0  0.0 21.5  0.0  0.0  0.0  0.0 21.5  0.0 36.5 36.5  0.0 36.5 36.5 36.5  0.0  0.0  0.0  0.0  0.0  0.0  0.0 36.5  0.0  0.0  0.0 36.5 36.5  0.0 15.5  0.0  0.0  0.0  0.0 15.5  0.0  0.0  0.0  0.0 15.5  0.0 15.5 15.5 15.5  0.0 15.5  0.0 15.5 15.5  0.0 15.5 15.5  0.0  7.6  0.0  0.0  7.6  7.6  0.0
 25  9.7  0.0  0.0  9.7  9.7  9.7  9.7  0.0  0.0  0.0  0.0  0.0  0.0  0.0  9.7  9.7 24.0 24.0  0.0 24.0  0.0 24.0  0.0  0.0  0.0 24.0  0.0  0.0  0.0  0.0 24.0  0.0 37.0 37.0  0.0 37.0 37.0 37.0  0.0  0.0  0.0  0.0  0.0  0.0  0.0 37.0  0.0  0.0  0.0 37.0 37.0  0.0 20.5  0.0  0.0  0.0  0.0 20.5  0.0  0.0  0.0  0.0 20.5  0.0 20.5 20.5 20.5  0.0 20.5  0.0 20.5 20.5  0.0 20.5 20.5  0.0  7.9  0.0  0.0  7.9  7.9  0.0
 26  0.0  0.0  0.0  0.0  0.0  0.0  0.0  0.0  0.0  0.0  0.0  0.0  0.0  0.0  0.0  0.0  0.0  0.0  0.0  0.0  0.0  0.0  0.0  0.0  0.0  0.0  0.0  0.0  0.0  0.0  0.0  0.0  0.0  0.0  0.0  0.0  0.0  0.0  0.0  0.0  0.0  0.0  0.0  0.0  0.0  0.0  0.0  0.0  0.0  0.0  0.0  0.0  0.0  0.0  0.0  0.0  0.0  0.0  0.0  0.0  0.0  0.0  0.0  0.0  0.0  0.0  0.0  0.0  0.0  0.0  0.0  0.0  0.0  0.0  0.0  0.0  0.0  0.0  0.0  0.0  0.0  0.0
 27  0.2  0.0  0.0  0.2  0.2  0.2  0.2  0.0  0.0  0.0  0.0  0.0  0.0  0.0  0.2  0.2  5.0  5.0  0.0  5.0  0.0  5.0  0.0  0.0  0.0  5.0  0.0  0.0  0.0  0.0  5.0  0.0  1.0  1.0  0.0  1.0  1.0  1.0  0.0  0.0  0.0  0.0  0.0  0.0  0.0  1.0  0.0  0.0  0.0  1.0  1.0  0.0  7.0  0.0  0.0  0.0  0.0  7.0  0.0  0.0  0.0  0.0  7.0  0.0  7.0  7.0  7.0  0.0  7.0  0.0  7.0  7.0  0.0  7.0  7.0  0.0  0.1  0.0  0.0  0.1  0.1  0.0
 31 23.2  0.0  0.0 23.2 23.2 23.2 23.2  0.0  0.0  0.0  0.0  0.0  0.0  0.0 23.2 23.2 38.0 38.0  0.0 38.0  0.0 38.0  0.0  0.0  0.0 38.0  0.0  0.0  0.0  0.0 38.0  0.0 43.1 43.1  0.0 43.1 43.1 43.1  0.0  0.0  0.0  0.0  0.0  0.0  0.0 43.1  0.0  0.0  0.0 43.1 43.1  0.0 35.0  0.0  0.0  0.0  0.0 35.0  0.0  0.0  0.0  0.0 35.0  0.0 35.0 35.0 35.0  0.0 35.0  0.0 35.0 35.0  0.0 35.0 35.0  0.0  8.5  0.0  0.0  8.5  8.5  0.0
 32  4.2  0.0  0.0  4.2  4.2  4.2  4.2  0.0  0.0  0.0  0.0  0.0  0.0  0.0  4.2  4.2 13.0 13.0  0.0 13.0  0.0 13.0  0.0  0.0  0.0 13.0  0.0  0.0  0.0  0.0 13.0  0.0 21.0 21.0  0.0 21.0 21.0 21.0  0.0  0.0  0.0  0.0  0.0  0.0  0.0 21.0  0.0  0.0  0.0 21.0 21.0  0.0  9.0  0.0  0.0  0.0  0.0  9.0  0.0  0.0  0.0  0.0  9.0  0.0  9.0  9.0  9.0  0.0  9.0  0.0  9.0  9.0  0.0  9.0  9.0  0.0  4.1  0.0  0.0  4.1  4.1  0.0
 33  9.5  0.0  0.0  9.5  9.5  9.5  9.5  0.0  0.0  0.0  0.0  0.0  0.0  0.0  9.5  9.5 23.5 23.5  0.0 23.5  0.0 23.5  0.0  0.0  0.0 23.5  0.0  0.0  0.0  0.0 23.5  0.0 21.6 21.6  0.0 21.6 21.6 21.6  0.0  0.0  0.0  0.0  0.0  0.0  0.0 21.6  0.0  0.0  0.0 21.6 21.6  0.0 23.0  0.0  0.0  0.0  0.0 23.0  0.0  0.0  0.0  0.0 23.0  0.0 23.0 23.0 23.0  0.0 23.0  0.0 23.0 23.0  0.0 23.0 23.0  0.0  3.6  0.0  0.0  3.6  3.6  0.0
 34  0.5  0.0  0.0  0.5  0.5  0.5  0.5  0.0  0.0  0.0  0.0  0.0  0.0  0.0  0.5  0.5  1.0  1.0  0.0  1.0  0.0  1.0  0.0  0.0  0.0  1.0  0.0  0.0  0.0  0.0  1.0  0.0  0.2  0.2  0.0  0.2  0.2  0.2  0.0  0.0  0.0  0.0  0.0  0.0  0.0  0.2  0.0  0.0  0.0  0.2  0.2  0.0  2.0  0.0  0.0  0.0  0.0  2.0  0.0  0.0  0.0  0.0  2.0  0.0  2.0  2.0  2.0  0.0  2.0  0.0  2.0  2.0  0.0  2.0  2.0  0.0  0.1  0.0  0.0  0.1  0.1  0.0
 35  7.0  0.0  0.0  7.0  7.0  7.0  7.0  0.0  0.0  0.0  0.0  0.0  0.0  0.0  7.0  7.0 17.0 17.0  0.0 17.0  0.0 17.0  0.0  0.0  0.0 17.0  0.0  0.0  0.0  0.0 17.0  0.0 14.7 14.7  0.0 14.7 14.7 14.7  0.0  0.0  0.0  0.0  0.0  0.0  0.0 14.7  0.0  0.0  0.0 14.7 14.7  0.0 18.0  0.0  0.0  0.0  0.0 18.0  0.0  0.0  0.0  0.0 18.0  0.0 18.0 18.0 18.0  0.0 18.0  0.0 18.0 18.0  0.0 18.0 18.0  0.0  2.6  0.0  0.0  2.6  2.6  0.0
 36  2.0  0.0  0.0  2.0  2.0  2.0  2.0  0.0  0.0  0.0  0.0  0.0  0.0  0.0  2.0  2.0  4.0  4.0  0.0  4.0  0.0  4.0  0.0  0.0  0.0  4.0  0.0  0.0  0.0  0.0  4.0  0.0  0.8  0.8  0.0  0.8  0.8  0.8  0.0  0.0  0.0  0.0  0.0  0.0  0.0  0.8  0.0  0.0  0.0  0.8  0.8  0.0  8.0  0.0  0.0  0.0  0.0  8.0  0.0  0.0  0.0  0.0  8.0  0.0  8.0  8.0  8.0  0.0  8.0  0.0  8.0  8.0  0.0  8.0  8.0  0.0  0.6  0.0  0.0  0.6  0.6  0.0
 37  1.0  0.0  0.0  1.0  1.0  1.0  1.0  0.0  0.0  0.0  0.0  0.0  0.0  0.0  1.0  1.0  2.0  2.0  0.0  2.0  0.0  2.0  0.0  0.0  0.0  2.0  0.0  0.0  0.0  0.0  2.0  0.0  0.4  0.4  0.0  0.4  0.4  0.4  0.0  0.0  0.0  0.0  0.0  0.0  0.0  0.4  0.0  0.0  0.0  0.4  0.4  0.0  4.0  0.0  0.0  0.0  0.0  4.0  0.0  0.0  0.0  0.0  4.0  0.0  4.0  4.0  4.0  0.0  4.0  0.0  4.0  4.0  0.0  4.0  4.0  0.0  0.3  0.0  0.0  0.3  0.3  0.0
 41 13.0  0.0  0.0 13.0 13.0 13.0 13.0  0.0  0.0  0.0  0.0  0.0  0.0  0.0 13.0 13.0 10.0 10.0  0.0 10.0  0.0 10.0  0.0  0.0  0.0 10.0  0.0  0.0  0.0  0.0 10.0  0.0  7.9  7.9  0.0  7.9  7.9  7.9  0.0  0.0  0.0  0.0  0.0  0.0  0.0  7.9  0.0  0.0  0.0  7.9  7.9  0.0 12.0  0.0  0.0  0.0  0.0 12.0  0.0  0.0  0.0  0.0 12.0  0.0 12.0 12.0 12.0  0.0 12.0  0.0 12.0 12.0  0.0 12.0 12.0  0.0  2.0  0.0  0.0  2.0  2.0  0.0
 42  7.9  0.0  0.0  7.9  7.9  7.9  7.9  0.0  0.0  0.0  0.0  0.0  0.0  0.0  7.9  7.9 25.0 25.0  0.0 25.0  0.0 25.0  0.0  0.0  0.0 25.0  0.0  0.0  0.0  0.0 25.0  0.0 37.2 37.2  0.0 37.2 37.2 37.2  0.0  0.0  0.0  0.0  0.0  0.0  0.0 37.2  0.0  0.0  0.0 37.2 37.2  0.0 19.5  0.0  0.0  0.0  0.0 19.5  0.0  0.0  0.0  0.0 19.5  0.0 19.5 19.5 19.5  0.0 19.5  0.0 19.5 19.5  0.0 19.5 19.5  0.0  7.4  0.0  0.0  7.4  7.4  0.0
 43 10.7  0.0  0.0 10.7 10.7 10.7 10.7  0.0  0.0  0.0  0.0  0.0  0.0  0.0 10.7 10.7 36.0 36.0  0.0 36.0  0.0 36.0  0.0  0.0  0.0 36.0  0.0  0.0  0.0  0.0 36.0  0.0 50.6 50.6  0.0 50.6 50.6 50.6  0.0  0.0  0.0  0.0  0.0  0.0  0.0 50.6  0.0  0.0  0.0 50.6 50.6  0.0 28.5  0.0  0.0  0.0  0.0 28.5  0.0  0.0  0.0  0.0 28.5  0.0 28.5 28.5 28.5  0.0 28.5  0.0 28.5 28.5  0.0 28.5 28.5  0.0  9.6  0.0  0.0  9.6  9.6  0.0
 44  9.9  0.0  0.0  9.9  9.9  9.9  9.9  0.0  0.0  0.0  0.0  0.0  0.0  0.0  9.9  9.9 39.0 39.0  0.0 39.0  0.0 39.0  0.0  0.0  0.0 39.0  0.0  0.0  0.0  0.0 39.0  0.0 51.2 51.2  0.0 51.2 51.2 51.2  0.0  0.0  0.0  0.0  0.0  0.0  0.0 51.2  0.0  0.0  0.0 51.2 51.2  0.0 31.5  0.0  0.0  0.0  0.0 31.5  0.0  0.0  0.0  0.0 31.5  0.0 31.5 31.5 31.5  0.0 31.5  0.0 31.5 31.5  0.0 31.5 31.5  0.0  9.4  0.0  0.0  9.4  9.4  0.0
 45  7.6  0.0  0.0  7.6  7.6  7.6  7.6  0.0  0.0  0.0  0.0  0.0  0.0  0.0  7.6  7.6 29.0 29.0  0.0 29.0  0.0 29.0  0.0  0.0  0.0 29.0  0.0  0.0  0.0  0.0 29.0  0.0 38.0 38.0  0.0 38.0 38.0 38.0  0.0  0.0  0.0  0.0  0.0  0.0  0.0 38.0  0.0  0.0  0.0 38.0 38.0  0.0 24.5  0.0  0.0  0.0  0.0 24.5  0.0  0.0  0.0  0.0 24.5  0.0 24.5 24.5 24.5  0.0 24.5  0.0 24.5 24.5  0.0 24.5 24.5  0.0  7.4  0.0  0.0  7.4  7.4  0.0
 46  7.9  0.0  0.0  7.9  7.9  7.9  7.9  0.0  0.0  0.0  0.0  0.0  0.0  0.0  7.9  7.9 25.0 25.0  0.0 25.0  0.0 25.0  0.0  0.0  0.0 25.0  0.0  0.0  0.0  0.0 25.0  0.0 37.2 37.2  0.0 37.2 37.2 37.2  0.0  0.0  0.0  0.0  0.0  0.0  0.0 37.2  0.0  0.0  0.0 37.2 37.2  0.0 19.5  0.0  0.0  0.0  0.0 19.5  0.0  0.0  0.0  0.0 19.5  0.0 19.5 19.5 19.5  0.0 19.5  0.0 19.5 19.5  0.0 19.5 19.5  0.0  7.4  0.0  0.0  7.4  7.4  0.0

 угрозы, показатели критичности, частоты, средние рассто€ни€:
  угроза 11: показатель=   635 частота= 0.042 ср. рассто€ние= 0.0197
  угроза 12: показатель=   753 частота= 0.050 ср. рассто€ние= 0.0216
  угроза 13: показатель=   957 частота= 0.064 ср. рассто€ние= 0.0301
  угроза 14: показатель=   371 частота= 0.025 ср. рассто€ние= 0.0215
  угроза 15: показатель=   604 частота= 0.040 ср. рассто€ние= 0.0196
  угроза 16: показатель=   504 частота= 0.034 ср. рассто€ние= 0.0198
  угроза 17: показатель=   270 частота= 0.018 ср. рассто€ние= 0.0249
  угроза 21: показатель=   338 частота= 0.022 ср. рассто€ние= 0.0223
  угроза 22: показатель=   338 частота= 0.022 ср. рассто€ние= 0.0223
  угроза 23: показатель=  1018 частота= 0.068 ср. рассто€ние= 0.0331
  угроза 24: показатель=   686 частота= 0.046 ср. рассто€ние= 0.0203
  угроза 25: показатель=   757 частота= 0.050 ср. рассто€ние= 0.0217
  угроза 26: показатель=     0 частота= 0.000 ср. рассто€ние= 0.0385
  угроза 27: показатель=   117 частота= 0.008 ср. рассто€ние= 0.0317
  угроза 31: показатель=  1146 частота= 0.076 ср. рассто€ние= 0.0408
  угроза 32: показатель=   387 частота= 0.026 ср. рассто€ние= 0.0212
  угроза 33: показатель=   644 частота= 0.043 ср. рассто€ние= 0.0197
  угроза 34: показатель=    34 частота= 0.002 ср. рассто€ние= 0.0363
  угроза 35: показатель=   474 частота= 0.032 ср. рассто€ние= 0.0201
  угроза 36: показатель=   134 частота= 0.009 ср. рассто€ние= 0.0308
  угроза 37: показатель=    67 частота= 0.004 ср. рассто€ние= 0.0343
  угроза 41: показатель=   352 частота= 0.023 ср. рассто€ние= 0.0219
  угроза 42: показатель=   740 частота= 0.049 ср. рассто€ние= 0.0212
  угроза 43: показатель=  1038 частота= 0.069 ср. рассто€ние= 0.0341
  угроза 44: показатель=  1088 частота= 0.072 ср. рассто€ние= 0.0371
  угроза 45: показатель=   823 частота= 0.055 ср. рассто€ние= 0.0243
  угроза 46: показатель=   740 частота= 0.049 ср. рассто€ние= 0.0212

 распределение угроз по группам в пр€мом пор€дке:
  группа 1: базова€ - 15 угрозы: 11 33 16 35 24 32 42 46 14
  группа 2: базова€ - 12 угрозы: 25 45 13 23 43
  группа 3: базова€ - 41 угрозы: 21 22 17 36 27 37 34
  группа 4: базова€ - 44 угрозы: 31
  группа 5: базова€ - 26 угрозы:

 распределение угроз по группам в обратном пор€дке:
  группа 1: базова€ - 31 угрозы: 15 11 33 24 42 46 12 25 45
  группа 2: базова€ - 26 угрозы: 16 35 32 14 41 21 22 17 36
  группа 3: базова€ - 44 угрозы: 13 23 43
  группа 4: базова€ - 34 угрозы: 27 37

 однозначно распредел€емые угрозы по группам:
  группа 1 угрозы: 15 11 33 24 42 46
  группа 2 угрозы: 16 35 32 14
  группа 3 угрозы: 12 25 45
  группа 4 угрозы: 13 23 43
  группа 5 угрозы: 41 21 22 17 36
  группа 6 угрозы: 27 37 34

 все распределЄнные угрозы по группам:
  группа 1 угрозы: 11 15 24 33 42 46
  группа 2 угрозы: 14 16 32 35
  группа 3 угрозы: 12 25 45
  группа 4 угрозы: 13 23 31 43 44
  группа 5 угрозы: 17 21 22 36 41
  группа 6 угрозы: 26 27 34 37


